100 1751
( 1, 2,72)  ( 1, 3,73)  ( 1, 7,40)  ( 1,14,93)  ( 1,18,52)  
( 1,19,80)  ( 1,20,27)  ( 1,24,84)  
( 2, 1,34)  ( 2, 3,22)  ( 2, 4,12)  ( 2,13,61)  ( 2,15,88)  
( 2,17,51)  ( 2,21,72)  ( 2,23,66)  ( 2,24,24)  ( 2,26,55)  
( 3, 1,27)  ( 3, 8,50)  ( 3,10,39)  ( 3,14,15)  ( 3,20,89)  
( 3,21,84)  ( 3,28,67)  
( 4, 7,15)  ( 4,10,29)  ( 4,11,61)  ( 4,19,49)  ( 4,22,67)  
( 4,25,74)  ( 4,26,31)  ( 4,28,91)  
( 5, 2,60)  ( 5, 3,20)  ( 5, 4,65)  ( 5, 7,74)  ( 5, 8,52)  
( 5,11,78)  ( 5,12,90)  ( 5,15,85)  ( 5,18,20)  ( 5,20,61)  
( 5,21,11)  ( 5,24,67)  ( 5,26, 8)  ( 5,27,43)  ( 5,28, 3)  
( 5,30,80)  
( 6, 2,11)  ( 6, 3,43)  ( 6, 4,93)  ( 6, 8,73)  ( 6,10,-1)  
( 6,11,99)  ( 6,12,20)  ( 6,18,71)  ( 6,20, 9)  ( 6,25,30)  
( 6,26, 8)  
( 7, 1,73)  ( 7, 2,40)  ( 7, 6,60)  ( 7, 9,74)  ( 7,11,68)  
( 7,13,23)  ( 7,14,33)  ( 7,15,77)  ( 7,16,81)  ( 7,19,41)  
( 7,20,32)  ( 7,25, 3)  ( 7,29,35)  
( 8, 1,45)  ( 8, 6,15)  ( 8,14,77)  ( 8,15,57)  ( 8,16,18)  
( 8,21, 1)  ( 8,29,78)  ( 8,30,82)  ( 8,33,45)  
( 9, 6,45)  ( 9, 7,28)  ( 9, 8,23)  ( 9,10,89)  ( 9,14,26)  
( 9,17,62)  ( 9,21,87)  ( 9,23,39)  ( 9,27,14)  ( 9,28,74)  
( 9,31,47)  ( 9,33,43)  
(10, 2,44)  (10, 4,71)  (10, 5,65)  (10,12,12)  (10,13,37)  
(10,15,56)  (10,16,10)  (10,17,15)  (10,19,26)  (10,23,12)  
(10,27, 4)  
(11, 1,81)  (11, 4,52)  (11, 5,28)  (11, 6, 1)  (11, 7,96)  
(11,13,80)  (11,17,28)  (11,19,11)  (11,20,88)  (11,21,32)  
(11,23,93)  (11,24,11)  (11,26,93)  (11,27,25)  (11,30,96)  
(11,31,79)  (11,36, 1)  
(12, 1,19)  (12, 2,21)  (12, 3,72)  (12, 4,96)  (12, 7,87)  
(12, 9,33)  (12,11,13)  (12,18,33)  (12,19,97)  (12,20,94)  
(12,21,30)  (12,33, 4)  (12,35,70)  
(13, 1,73)  (13, 2,97)  (13, 5,40)  (13, 6,47)  (13, 7,77)  
(13,14,83)  (13,16,68)  (13,17,86)  (13,20,21)  (13,21,44)  
(13,22,23)  (13,26,45)  (13,30,97)  (13,33,20)  (13,34,76)  
(13,36,59)  
(14, 1,93)  (14, 2,21)  (14, 5,29)  (14, 6, 1)  (14, 8, 0)  
(14, 9,31)  (14,12,78)  (14,13,38)  (14,15,97)  (14,19,84)  
(14,25,55)  (14,28,32)  (14,33,66)  (14,34,85)  
(15, 1,89)  (15, 5,84)  (15, 7,78)  (15, 8,29)  (15, 9,99)  
(15,10,74)  (15,11,29)  (15,13,94)  (15,19,18)  (15,22, 5)  
(15,23,46)  (15,24, 0)  (15,25,59)  (15,27, 7)  (15,30,13)  
(15,35,52)  (15,36,79)  (15,37,49)  (15,39,12)  
(16, 2,66)  (16, 3,61)  (16, 8,13)  (16,12, 2)  (16,15,94)  
(16,17,14)  (16,23,30)  (16,24,35)  (16,28, 5)  (16,33,74)  
(16,34,59)  (16,35,94)  (16,36, 8)  (16,37,70)  (16,40,94)  
(16,41, 7)  
(17, 6,23)  (17, 7,35)  (17, 8,12)  (17,13,37)  (17,14,65)  
(17,16,13)  (17,20,23)  (17,23,13)  (17,24,70)  (17,26,43)  
(17,27,30)  (17,29,25)  (17,31,15)  (17,32, 0)  (17,42,97)  
(18, 2,68)  (18, 4,17)  (18, 7,49)  (18, 8,45)  (18,10,71)  
(18,15,57)  (18,17, 2)  (18,19,21)  (18,20,29)  (18,22,40)  
(18,23,59)  (18,25,83)  (18,26,44)  (18,28,19)  (18,29,48)  
(18,33, 7)  (18,36,27)  (18,37,17)  (18,42,56)  
(19, 3,55)  (19, 4,98)  (19, 7,36)  (19,10,82)  (19,13,83)  
(19,14,75)  (19,16, 6)  (19,17,46)  (19,18, 4)  (19,22,67)  
(19,23,53)  (19,26,87)  (19,27, 4)  (19,30,87)  (19,34,98)  
(19,38,36)  (19,40,79)  (19,42,85)  
(20, 1,17)  (20, 2,46)  (20, 5,16)  (20, 6,54)  (20, 7,97)  
(20, 8,33)  (20, 9,67)  (20,13,11)  (20,14,39)  (20,15,69)  
(20,16,-1)  (20,22, 0)  (20,26,48)  (20,27, 3)  (20,28,52)  
(20,30,72)  (20,36,70)  (20,38,23)  (20,39,39)  (20,42,60)  
(21, 2,-2)  (21, 4,96)  (21, 5,89)  (21,11,25)  (21,12,18)  
(21,13,27)  (21,16,69)  (21,20,69)  (21,22,20)  (21,25,83)  
(21,27,27)  (21,29,59)  (21,30,15)  (21,35,61)  (21,36,58)  
(21,38,97)  (21,40,37)  (21,42,53)  (21,46,74)  
(22, 1,40)  (22, 3,52)  (22, 5,33)  (22, 6,80)  (22, 8,42)  
(22, 9,97)  (22,11,29)  (22,13,34)  (22,14,86)  (22,16,84)  
(22,17,10)  (22,25,97)  (22,29,24)  (22,30,57)  (22,32,-2)  
(22,35,59)  (22,36,41)  (22,39,31)  (22,43,68)  
(23, 4,90)  (23, 5, 0)  (23, 7,50)  (23, 8,62)  (23,13, 8)  
(23,14,36)  (23,15,72)  (23,19,36)  (23,29,87)  (23,31,15)  
(23,34, 1)  (23,37, 3)  (23,41,85)  (23,42,47)  (23,45, 1)  
(23,47,62)  
(24, 4,20)  (24, 5,71)  (24, 8,91)  (24,10,48)  (24,11,20)  
(24,12,-2)  (24,14,77)  (24,15,65)  (24,18,34)  (24,19,11)  
(24,20,77)  (24,28,33)  (24,30, 6)  (24,34,58)  (24,37,41)  
(24,40,10)  (24,43,44)  (24,44, 5)  (24,45,44)  (24,46,67)  
(24,48,74)  (24,49,82)  
(25, 3,92)  (25, 4,83)  (25, 5,78)  (25, 6,20)  (25, 8,32)  
(25,10,40)  (25,12,44)  (25,15,51)  (25,16,42)  (25,18,84)  
(25,20,56)  (25,30,29)  (25,32, 7)  (25,39,41)  (25,42,14)  
(25,44,19)  
(26, 2,43)  (26, 5,53)  (26, 6,53)  (26, 7,91)  (26, 8,97)  
(26, 9,44)  (26,11,74)  (26,12,15)  (26,13,66)  (26,14,87)  
(26,16,21)  (26,19,16)  (26,21,44)  (26,24,62)  (26,29,23)  
(26,31, 9)  (26,35,24)  (26,36,57)  (26,38, 4)  (26,39,26)  
(26,40,14)  (26,43,35)  (26,44,10)  (26,48,89)  (26,51,18)  
(27, 2,21)  (27, 4,92)  (27, 5,21)  (27, 6, 2)  (27,10,99)  
(27,12,-1)  (27,13,20)  (27,17,39)  (27,18,21)  (27,19,-2)  
(27,26,25)  (27,29,48)  (27,30,32)  (27,31,29)  (27,32,34)  
(27,33,95)  (27,34,68)  (27,38,73)  (27,39,86)  (27,40,58)  
(27,41,84)  (27,43, 2)  (27,46,18)  (27,50,21)  
(28, 3, 5)  (28, 4,10)  (28, 5,44)  (28, 6,81)  (28, 8,89)  
(28,11,36)  (28,13,47)  (28,15,71)  (28,16,81)  (28,22,13)  
(28,27,91)  (28,31,71)  (28,32,46)  (28,34,98)  (28,39,40)  
(28,40,97)  (28,41, 3)  (28,42,-2)  (28,43,42)  (28,44,51)  
(28,46,59)  (28,47,63)  (28,48,25)  (28,49,46)  (28,52,25)  
(29, 4,42)  (29, 6,18)  (29, 9,21)  (29,11,60)  (29,16,91)  
(29,20, 6)  (29,21,59)  (29,23,26)  (29,30,48)  (29,32,28)  
(29,33,28)  (29,36,75)  (29,37, 2)  (29,41,32)  (29,42,51)  
(29,43,94)  (29,44,20)  (29,46,30)  (29,49,16)  
(30, 7,72)  (30, 8,88)  (30,14,59)  (30,15,74)  (30,16, 1)  
(30,17,20)  (30,19,97)  (30,22,23)  (30,23,16)  (30,25, 2)  
(30,29,16)  (30,33,44)  (30,34,16)  (30,35,16)  (30,38,57)  
(30,41,45)  (30,43,86)  (30,46, 5)  (30,52,71)  (30,54,42)  
(31, 6,73)  (31, 9,54)  (31,13, 4)  (31,15,84)  (31,18,40)  
(31,20,15)  (31,21,85)  (31,22,38)  (31,28,61)  (31,32,59)  
(31,36,23)  (31,38,56)  (31,43,85)  (31,44,49)  (31,45,66)  
(31,47,19)  (31,51,45)  
(32, 8,17)  (32, 9,36)  (32,11,81)  (32,12,-2)  (32,13,15)  
(32,17,65)  (32,18,72)  (32,20,56)  (32,22,67)  (32,24,89)  
(32,30, 4)  (32,31,87)  (32,34,98)  (32,35,41)  (32,37,50)  
(32,43,81)  (32,45,24)  (32,46,92)  (32,48,79)  (32,50,34)  
(32,51,61)  
(33, 8, 2)  (33, 9,61)  (33,10,49)  (33,14,26)  (33,17, 3)  
(33,19,47)  (33,21,29)  (33,22, 5)  (33,25, 9)  (33,30,73)  
(33,34,51)  (33,35,37)  (33,41,27)  (33,42,88)  (33,44,24)  
(33,46,11)  (33,47,78)  (33,48, 1)  (33,53,49)  (33,56,72)  
(33,57,45)  
(34, 9, 4)  (34,11,24)  (34,12,39)  (34,13,58)  (34,16,90)  
(34,17,16)  (34,20,38)  (34,23,46)  (34,26,35)  (34,27,60)  
(34,29,60)  (34,33,30)  (34,35,27)  (34,36,33)  (34,41,55)  
(34,44,-2)  (34,46,31)  (34,50,59)  (34,51,96)  (34,56,59)  
(34,57,76)  (34,59,84)  
(35,11,30)  (35,12,27)  (35,15,70)  (35,16,94)  (35,17,34)  
(35,21,49)  (35,22,80)  (35,23,26)  (35,27,62)  (35,30,16)  
(35,33,44)  (35,38, 1)  (35,41,39)  (35,42,46)  (35,44,86)  
(35,47,95)  (35,48,40)  (35,49,36)  (35,50,17)  (35,55,85)  
(35,57, 6)  
(36,13,70)  (36,17,48)  (36,18,70)  (36,19,31)  (36,20,74)  
(36,25,17)  (36,27,25)  (36,28,89)  (36,30,22)  (36,32,64)  
(36,33,41)  (36,34,26)  (36,35,27)  (36,37,93)  (36,38,52)  
(36,39, 1)  (36,42,22)  (36,43,25)  (36,48,88)  (36,50,85)  
(36,51,-2)  (36,53,81)  (36,57,95)  (36,59,60)  
(37,13,70)  (37,14,63)  (37,16,68)  (37,20,21)  (37,22,84)  
(37,26,15)  (37,28,58)  (37,34,82)  (37,38,93)  (37,44,-2)  
(37,50,75)  (37,52, 0)  (37,53,36)  (37,55,64)  (37,56,30)  
(37,57, 5)  (37,59,82)  (37,60,97)  
(38,15,60)  (38,16,21)  (38,19,53)  (38,20,89)  (38,21,12)  
(38,25,46)  (38,29,25)  (38,30,28)  (38,31,65)  (38,32,84)  
(38,33,89)  (38,35,31)  (38,39,40)  (38,40,72)  (38,41,-2)  
(38,42,15)  (38,43,81)  (38,44,48)  (38,48,19)  (38,49,95)  
(38,52,70)  (38,54,74)  (38,56,57)  (38,57,15)  (38,59,21)  
(38,60,70)  (38,61,50)  (38,62,91)  
(39,14,82)  (39,18,42)  (39,22,84)  (39,24,19)  (39,26,24)  
(39,27,35)  (39,34,96)  (39,35,16)  (39,37,76)  (39,46,14)  
(39,50, 0)  (39,51, 3)  (39,53,-1)  (39,55, 5)  (39,58,66)  
(39,62,93)  (39,63,93)  (39,64,35)  
(40,17,51)  (40,19,73)  (40,22,41)  (40,23, 7)  (40,26,49)  
(40,27,49)  (40,31,-1)  (40,33,72)  (40,34,40)  (40,37,79)  
(40,38,90)  (40,41,38)  (40,45,33)  (40,46,32)  (40,47,38)  
(40,51,40)  (40,52,98)  (40,56,96)  (40,57,77)  (40,59,54)  
(40,60,23)  
(41,16,80)  (41,17,60)  (41,18,17)  (41,19,36)  (41,20,48)  
(41,21,67)  (41,23,93)  (41,25, 1)  (41,30,77)  (41,32,22)  
(41,35,44)  (41,40,24)  (41,44,18)  (41,45,69)  (41,46,87)  
(41,52,42)  (41,53,30)  (41,56,41)  (41,60,40)  (41,61,39)  
(41,62,36)  (41,63,92)  (41,66,11)  
(42,17,40)  (42,23,20)  (42,24,27)  (42,25,75)  (42,27,66)  
(42,32,85)  (42,33, 2)  (42,34,72)  (42,44,76)  (42,50,98)  
(42,52,38)  (42,53,14)  (42,54,46)  (42,56,91)  (42,57,82)  
(42,58,19)  (42,59, 1)  (42,61,26)  (42,62,-1)  (42,64,34)  
(42,65,66)  
(43,18,40)  (43,21,49)  (43,23,50)  (43,24,43)  (43,28,57)  
(43,29, 0)  (43,31,66)  (43,37,43)  (43,39, 9)  (43,41,86)  
(43,44,10)  (43,48,98)  (43,49,37)  (43,52,50)  (43,53,34)  
(43,56,44)  (43,57,62)  (43,64,81)  (43,65,55)  (43,66,58)  
(43,67,90)  
(44,20,17)  (44,21,25)  (44,26,18)  (44,31,78)  (44,36,22)  
(44,38,64)  (44,40, 9)  (44,48,13)  (44,49,16)  (44,51,100)  
(44,53,90)  (44,56,81)  (44,58,87)  (44,59,59)  (44,61,90)  
(44,62,95)  (44,63,46)  
(45,22,58)  (45,24,70)  (45,26,94)  (45,31,76)  (45,36,89)  
(45,39,37)  (45,40,17)  (45,43,77)  (45,46,77)  (45,47, 8)  
(45,48,57)  (45,50,58)  (45,51, 7)  (45,56,29)  (45,57,33)  
(45,58,32)  (45,60,21)  (45,62,87)  (45,64,28)  (45,65,64)  
(45,66,67)  (45,69,68)  (45,70,17)  
(46,22,13)  (46,24,57)  (46,28,82)  (46,34,55)  (46,35,54)  
(46,37,78)  (46,41,61)  (46,44,82)  (46,47,34)  (46,48,47)  
(46,52,70)  (46,54,32)  (46,55,53)  (46,56,59)  (46,58, 6)  
(46,65, 5)  (46,69,85)  
(47,24,30)  (47,26,63)  (47,27, 6)  (47,29,34)  (47,31,72)  
(47,34,43)  (47,36,52)  (47,39,93)  (47,40,75)  (47,43,70)  
(47,45,98)  (47,46,92)  (47,50,17)  (47,51,51)  (47,52,39)  
(47,53,73)  (47,56,29)  (47,58,67)  (47,60,12)  (47,61,82)  
(47,62,17)  (47,63, 0)  (47,64,37)  (47,66,16)  (47,67,47)  
(48,23,58)  (48,24,67)  (48,27,98)  (48,30,28)  (48,32,62)  
(48,34,11)  (48,36,65)  (48,39,69)  (48,40,23)  (48,41,57)  
(48,43,83)  (48,47,97)  (48,49,54)  (48,50,20)  (48,57,10)  
(48,58,80)  (48,59,87)  (48,61, 6)  (48,63, 4)  (48,67,52)  
(48,69,100)  (48,70,87)  (48,72,43)  (48,73,54)  
(49,24,28)  (49,25,40)  (49,26,15)  (49,27,-2)  (49,28,22)  
(49,30, 8)  (49,33, 0)  (49,36,28)  (49,50,38)  (49,55,13)  
(49,56, 4)  (49,60,65)  (49,62,23)  (49,64,94)  (49,65,35)  
(49,69,27)  (49,72,73)  (49,74,83)  
(50,25,61)  (50,33,15)  (50,36,59)  (50,42,10)  (50,43,16)  
(50,45,47)  (50,49,74)  (50,51,88)  (50,53,39)  (50,56,52)  
(50,58,30)  (50,60,65)  (50,62,54)  (50,67,33)  
(51,27,27)  (51,28,48)  (51,31,28)  (51,32, 0)  (51,33,15)  
(51,35,18)  (51,36,21)  (51,37,21)  (51,39,-2)  (51,42,91)  
(51,49,37)  (51,56,45)  (51,60,42)  (51,62,86)  (51,63,77)  
(51,64,43)  (51,67,85)  (51,68,43)  (51,69,28)  (51,72,28)  
(51,73,22)  (51,74,92)  (51,76,55)  
(52,29,20)  (52,30, 6)  (52,31,13)  (52,33,24)  (52,36,53)  
(52,37,27)  (52,38,41)  (52,41,11)  (52,42,49)  (52,44,19)  
(52,46,69)  (52,48,10)  (52,50,68)  (52,51,48)  (52,54, 8)  
(52,55,41)  (52,56,89)  (52,57,97)  (52,58,45)  (52,60,32)  
(52,63,88)  (52,64,53)  (52,67,33)  (52,69, 1)  (52,71,50)  
(52,75,63)  
(53,29,-1)  (53,32,40)  (53,33,69)  (53,34,60)  (53,35,84)  
(53,36,57)  (53,37,38)  (53,38,70)  (53,41,91)  (53,42,86)  
(53,45,53)  (53,46,46)  (53,47,61)  (53,48,54)  (53,50, 2)  
(53,51,42)  (53,52,32)  (53,54,20)  (53,61,55)  (53,62,67)  
(53,64,48)  (53,65,75)  (53,66,61)  (53,67,97)  (53,73,79)  
(53,74,14)  (53,75,76)  (53,77,99)  (53,78,93)  
(54,29,42)  (54,30,24)  (54,36,28)  (54,38,16)  (54,43,96)  
(54,47,61)  (54,48,56)  (54,57,62)  (54,59,100)  (54,60,75)  
(54,63,88)  (54,70,13)  (54,71,28)  (54,73,80)  (54,74,77)  
(54,76,84)  
(55,31,80)  (55,36,66)  (55,37,24)  (55,41, 3)  (55,44,10)  
(55,47,38)  (55,49,43)  (55,50,17)  (55,58,97)  (55,60,57)  
(55,67,94)  (55,68,43)  (55,69,26)  (55,70,94)  (55,74,22)  
(55,75, 9)  (55,76,23)  (55,77,80)  (55,78,51)  
(56,31,32)  (56,32,55)  (56,35,97)  (56,36,18)  (56,37,91)  
(56,38,19)  (56,39,43)  (56,40,85)  (56,41,53)  (56,42,29)  
(56,44,48)  (56,45,13)  (56,47,12)  (56,52,21)  (56,54,12)  
(56,55,76)  (56,59,30)  (56,60,48)  (56,61, 1)  (56,63,34)  
(56,67,31)  (56,70,97)  (56,73,60)  (56,74,11)  (56,76,64)  
(56,79,53)  (56,80,31)  (56,81,67)  
(57,37,24)  (57,39,25)  (57,41,11)  (57,46,52)  (57,51,47)  
(57,59,79)  (57,61,51)  (57,62, 6)  (57,63,90)  (57,65,82)  
(57,66,74)  (57,67,38)  (57,71,100)  (57,72,22)  (57,74,84)  
(57,75,10)  
(58,33,31)  (58,37,87)  (58,39,37)  (58,40,82)  (58,41,32)  
(58,49, 6)  (58,50,40)  (58,51,53)  (58,54,56)  (58,55,41)  
(58,57,33)  (58,61, 3)  (58,64,25)  (58,67,94)  (58,70,37)  
(58,71,90)  (58,73,89)  (58,74,18)  (58,78,76)  (58,80,12)  
(58,83,84)  
(59,37,58)  (59,38,17)  (59,41,46)  (59,42,56)  (59,43,69)  
(59,48, 3)  (59,50,42)  (59,51,95)  (59,56,71)  (59,58, 7)  
(59,63, 1)  (59,65,65)  (59,67,66)  (59,69,90)  (59,71,77)  
(59,72,47)  (59,74,99)  (59,77,12)  (59,83,58)  
(60,37,75)  (60,38,47)  (60,46,51)  (60,47,56)  (60,48,78)  
(60,50,94)  (60,52,69)  (60,58,46)  (60,61,45)  (60,62,59)  
(60,63,36)  (60,64,91)  (60,71,90)  (60,73,31)  (60,79,17)  
(60,81,42)  
(61,38,80)  (61,39, 7)  (61,41,50)  (61,45, 1)  (61,51,88)  
(61,52,67)  (61,55,60)  (61,60,-2)  (61,62,42)  (61,63,42)  
(61,66,47)  (61,70,38)  (61,71,17)  (61,75,80)  (61,77,33)  
(61,79,41)  
(62,38,99)  (62,40,61)  (62,45,77)  (62,51,10)  (62,52,22)  
(62,53,-1)  (62,54,48)  (62,56,67)  (62,59,80)  (62,63,30)  
(62,64, 8)  (62,69,55)  (62,70,30)  (62,72,34)  (62,75,52)  
(62,76,91)  (62,83,72)  (62,85,62)  (62,87,42)  
(63,38,53)  (63,44, 5)  (63,45,84)  (63,48,84)  (63,53,12)  
(63,60,13)  (63,62,21)  (63,64,30)  (63,65,58)  (63,69,27)  
(63,70,77)  (63,72,97)  (63,75,49)  (63,77, 7)  (63,80, 2)  
(63,82,66)  (63,83,100)  (63,86,53)  
(64,41,36)  (64,42,84)  (64,45,38)  (64,50,76)  (64,55,56)  
(64,56,65)  (64,57,60)  (64,61,38)  (64,77,25)  (64,81,90)  
(65,41,11)  (65,43,66)  (65,44,65)  (65,48,36)  (65,50,44)  
(65,52,23)  (65,53,45)  (65,54,54)  (65,55,70)  (65,56,53)  
(65,60,93)  (65,61,49)  (65,63,51)  (65,66,59)  (65,67,30)  
(65,69,64)  (65,72,44)  (65,73,63)  (65,75, 2)  (65,78,82)  
(65,79,85)  (65,80,43)  (65,82,85)  (65,85,56)  (65,88,58)  
(65,90,26)  
(66,41,98)  (66,43,41)  (66,46,21)  (66,47,44)  (66,52,78)  
(66,54,45)  (66,55,24)  (66,60,68)  (66,63,65)  (66,64,71)  
(66,65,90)  (66,68,95)  (66,70,13)  (66,72,24)  (66,73,65)  
(66,74,78)  (66,75,48)  (66,76,71)  (66,77,16)  (66,79,58)  
(66,82,17)  (66,83, 3)  
(67,42,91)  (67,46,56)  (67,48,83)  (67,50,38)  (67,51,60)  
(67,55,97)  (67,63,16)  (67,65,99)  (67,66,55)  (67,69,46)  
(67,73,73)  (67,74,90)  (67,77,83)  (67,79,94)  (67,82,48)  
(67,83,79)  (67,84,60)  (67,86,16)  (67,88,36)  (67,90, 3)  
(68,43,37)  (68,46,94)  (68,48,52)  (68,50,83)  (68,52,33)  
(68,54,36)  (68,55,89)  (68,58,19)  (68,60, 0)  (68,63,84)  
(68,71,38)  (68,74,86)  (68,79,92)  (68,80,76)  (68,86,32)  
(68,88,54)  (68,91,86)  (68,92,52)  
(69,44,15)  (69,45,93)  (69,46,44)  (69,49,82)  (69,50,35)  
(69,53,95)  (69,55, 7)  (69,58,79)  (69,60, 4)  (69,66,87)  
(69,67,50)  (69,70,42)  (69,71,63)  (69,72,68)  (69,76,39)  
(69,78,52)  (69,83,54)  (69,84,10)  (69,88,47)  (69,90, 9)  
(69,91,92)  (69,93,80)  
(70,47,54)  (70,54,42)  (70,59,47)  (70,60,63)  (70,62,55)  
(70,64,31)  (70,65, 7)  (70,67,82)  (70,69,40)  (70,73, 4)  
(70,77,38)  (70,78,76)  (70,80,23)  (70,82,39)  (70,83,99)  
(70,87,78)  (70,89,70)  (70,91,84)  (70,93,20)  (70,94,57)  
(71,49,100)  (71,51,53)  (71,53,82)  (71,57,28)  (71,62,18)  
(71,63, 2)  (71,64, 2)  (71,73,91)  (71,74,40)  (71,77,80)  
(71,79,24)  (71,80,57)  (71,86,52)  (71,87,61)  (71,89,61)  
(71,90, 8)  (71,91,17)  (71,96,53)  
(72,47,17)  (72,51,67)  (72,54,65)  (72,59,34)  (72,61,-2)  
(72,66,22)  (72,68,66)  (72,69,53)  (72,70,18)  (72,73,17)  
(72,79,99)  (72,86,27)  (72,90,52)  (72,91,37)  (72,94,100)  
(72,95,44)  (72,96,63)  
(73,57,53)  (73,59,37)  (73,60,27)  (73,65,83)  (73,66,41)  
(73,69,29)  (73,70,17)  (73,72,100)  (73,74,100)  (73,75,44)  
(73,78,76)  (73,82,97)  (73,86,100)  (73,88,85)  (73,89,67)  
(73,94,35)  (73,98,78)  
(74,49,58)  (74,52,70)  (74,53,28)  (74,54,82)  (74,57,38)  
(74,61,49)  (74,65,-2)  (74,66,39)  (74,71,74)  (74,75,69)  
(74,77,67)  (74,79,22)  (74,80,95)  (74,81,81)  (74,84,69)  
(74,85,50)  (74,90,25)  (74,91, 9)  (74,94,72)  
(75,50,73)  (75,51,60)  (75,53,45)  (75,59,83)  (75,60,63)  
(75,63, 7)  (75,64,56)  (75,65,47)  (75,66,76)  (75,67,91)  
(75,69,97)  (75,70,37)  (75,71,73)  (75,73, 7)  (75,76, 5)  
(75,77,94)  (75,78, 2)  (75,85,39)  (75,86,89)  (75,90, 5)  
(75,91,89)  (75,95,53)  (75,99,79)  
(76,52, 4)  (76,53,33)  (76,58,39)  (76,59,-2)  (76,61,18)  
(76,63,71)  (76,64,55)  (76,65,32)  (76,66,37)  (76,68,90)  
(76,71,45)  (76,74,89)  (76,77,18)  (76,78,28)  (76,83,99)  
(76,86,23)  (76,87,29)  (76,89,30)  (76,96,66)  
(77,56,13)  (77,57,82)  (77,60,89)  (77,62,18)  (77,63,73)  
(77,66,26)  (77,69,79)  (77,70,62)  (77,73,54)  (77,84,72)  
(77,87, 0)  (77,88,68)  (77,89,62)  (77,90,55)  (77,91,82)  
(77,92,43)  (77,93,80)  (77,98,63)  (77,100,52)  
(78,54,61)  (78,62, 4)  (78,67,51)  (78,72,16)  (78,73,65)  
(78,76,99)  (78,79,12)  (78,80,79)  (78,82,27)  (78,87,24)  
(78,89,50)  (78,95, 3)  (78,96,20)  
(79,57,74)  (79,64,70)  (79,65,13)  (79,68,13)  (79,69,83)  
(79,71,93)  (79,72,56)  (79,73, 8)  (79,75,22)  (79,76,81)  
(79,78,68)  (79,80,99)  (79,81,12)  (79,87,74)  (79,93,93)  
(79,94,27)  (79,98,46)  (79,100,85)  
(80,56,51)  (80,61,30)  (80,63,94)  (80,64,73)  (80,73,27)  
(80,74,63)  (80,75,15)  (80,77,62)  (80,78,49)  (80,79,76)  
(80,83,29)  (80,84,55)  (80,86,34)  (80,88,62)  (80,91,65)  
(80,93, 9)  (80,95,29)  (80,96,22)  (80,97,66)  (80,100,85)  
(81,58,94)  (81,63,40)  (81,64,60)  (81,66,81)  (81,67,83)  
(81,68,86)  (81,69,14)  (81,72,21)  (81,74,65)  (81,82,45)  
(81,85,31)  (81,86,86)  (81,88,32)  (81,91, 0)  (81,92,32)  
(81,93,30)  (81,95,73)  (81,97,93)  
(82,57,47)  (82,58,86)  (82,61,72)  (82,63,36)  (82,65,58)  
(82,66,96)  (82,67,67)  (82,68,11)  (82,69,73)  (82,73,97)  
(82,76,91)  (82,78,78)  (82,79,84)  (82,80,13)  (82,81,20)  
(82,83,69)  (82,86,39)  (82,90,12)  (82,94,78)  (82,96,57)  
(82,98,42)  (82,99,67)  
(83,58,29)  (83,59,59)  (83,61,87)  (83,62,80)  (83,63, 9)  
(83,66,94)  (83,68,10)  (83,69,42)  (83,73, 1)  (83,74, 5)  
(83,82,78)  (83,84,24)  (83,90,61)  (83,91, 1)  (83,98,16)  
(83,100,79)  
(84,61,44)  (84,62,40)  (84,66,30)  (84,70,25)  (84,71,98)  
(84,72,59)  (84,75, 4)  (84,76,43)  (84,77,46)  (84,80,38)  
(84,82,66)  (84,83,70)  (84,85,17)  (84,88,38)  (84,90,51)  
(84,92,61)  (84,93,71)  (84,94,50)  (84,95,51)  (84,96,60)  
(85,60,18)  (85,66,76)  (85,67,67)  (85,75,23)  (85,77,50)  
(85,84,49)  (85,87,96)  (85,90,55)  (85,94,95)  (85,95,44)  
(85,97,65)  
(86,62,34)  (86,63,51)  (86,66,38)  (86,67,42)  (86,69,97)  
(86,71,61)  (86,72,61)  (86,73,28)  (86,74,96)  (86,75,71)  
(86,78,74)  (86,80,53)  (86,81,63)  (86,82,72)  (86,83,65)  
(86,84,58)  (86,85, 3)  (86,90,63)  (86,91,10)  (86,92, 6)  
(86,94,21)  (86,95,94)  (86,96,59)  (86,97,21)  (86,98,14)  
(87,63,64)  (87,67,58)  (87,74,75)  (87,75,86)  (87,77,56)  
(87,80,59)  (87,90,27)  (87,93, 3)  (87,94, 4)  (87,99,92)  
(88,63, 2)  (88,65, 0)  (88,68,99)  (88,69,64)  (88,73, 8)  
(88,77,95)  (88,79,96)  (88,81,16)  (88,86,28)  (88,91,90)  
(88,95,58)  (88,99,19)  (88,100,78)  
(89,64,90)  (89,68,59)  (89,69,30)  (89,71,41)  (89,72,60)  
(89,74,68)  (89,77,74)  (89,79,38)  (89,80,51)  (89,83,69)  
(89,87,70)  (89,90,45)  (89,91, 6)  (89,95,96)  (89,96,12)  
(89,98,13)  
(90,68, 6)  (90,69,71)  (90,70,88)  (90,71,13)  (90,72,20)  
(90,73,37)  (90,74,77)  (90,79,55)  (90,81,71)  (90,82,18)  
(90,83,92)  (90,86,70)  (90,88,46)  (90,89, 9)  (90,97,18)  
(90,100,36)  
(91,71,25)  (91,72,91)  (91,75,40)  (91,81,69)  (91,84, 9)  
(91,85,69)  (91,88,31)  (91,89,10)  (91,90, 0)  (91,92,92)  
(92,67, 4)  (92,69,45)  (92,71,31)  (92,74,92)  (92,75,93)  
(92,78,96)  (92,82,100)  (92,83,32)  (92,84,34)  (92,87,33)  
(92,88, 8)  (92,89,64)  (92,91,36)  (92,93,59)  (92,94,26)  
(92,98,83)  (92,100,11)  
(93,70,45)  (93,71,40)  (93,73,86)  (93,74,39)  (93,75,93)  
(93,81,73)  (93,82,35)  (93,88,51)  (93,89,94)  (93,90,89)  
(94,70, 7)  (94,71,81)  (94,72,100)  (94,73,69)  (94,80,71)  
(94,83,85)  (94,86,73)  (94,87,68)  (94,89,75)  (94,90,24)  
(94,95,61)  (94,98,80)  (94,99, 4)  
(95,72,56)  (95,76,69)  (95,79,32)  (95,86,60)  (95,88, 9)  
(95,93, 6)  (95,94,84)  (95,100,76)  
(96,75, 6)  (96,82,41)  (96,85,63)  (96,87,33)  (96,89,49)  
(96,94,63)  (96,95,15)  
(97,78,22)  (97,79,75)  (97,81,24)  (97,82,32)  (97,83,88)  
(97,84,65)  (97,85,10)  (97,86,83)  (97,87,63)  (97,88,93)  
(97,89,32)  (97,92, 0)  (97,93, 6)  (97,98,23)  
(98,73,28)  (98,75,59)  (98,76,31)  (98,81, 8)  (98,83,57)  
(98,85,20)  (98,87,36)  (98,89, 7)  (98,92,73)  (98,93, 1)  
(98,96,16)  (98,100,38)  
(99,81,23)  (99,90,43)  (99,92,10)  (99,93,96)  (99,95,16)  
(99,96,96)  (99,98,51)  
(100,75,95)  (100,77,24)  (100,81,60)  (100,83,75)  (100,91,65)  
(100,93,17)  (100,96,51)  (100,97,98)  

