 5000 0.5000    20      231      280   433.47   617.00 0.07   27.74     
 5000 0.5000    30      562      704   324.80   507.00 0.11   97.58     
 5000 0.5000    40      999     1236   262.11   435.90 0.28  220.30     
 5000 0.5000    50     1464     2017   224.25   384.10 0.29  395.39     
 5000 0.5000    60     2139     2825   187.97   343.60 0.35  688.96     

 5000 0.5000    20      790     1039   350.12   565.40 0.19   74.91     
 5000 0.5000    30     1884     2114   248.32   463.20 0.42  246.36     
 5000 0.5000    40     2873     3441   194.09   415.40 0.49  482.04     
 5000 0.5000    50     3441     5076   159.08   369.80 0.53  715.43     
 5000 0.5000    60     4831     7396   134.10   342.50 0.71 1165.57     

 5000 0.5000    20    24583    26883   389.08   594.10 12.79 2118.91     
 5000 0.5000    30    44361    47442   279.31   485.60 17.19 3762.07
 5000 0.5000    40    64712    67151   221.26   423.50 22.20 6286.67
 5000 0.5000    50    84104    88546   181.24   363.70 24.79 8516.13

 5000 0.5000    20    24583    26885   389.08   594.10 0.00   75.87     
 5000 0.5000    30    44361    47442   279.31   485.60 0.03  103.89     
 5000 0.5000    40    64712    67151   221.26   423.50 0.08  127.66     
 5000 0.5000    60   103896   110419   154.70   324.80 0.03  162.06     
 5000 0.5000   100   185527   201449   100.46   247.90 0.08  218.24     
 5000 0.5000   200   397286   414088    57.41   182.70 0.20  392.10     

 5000 0.5000    20    24584    26886   389.08   594.10 0.01   94.37     
 5000 0.5000    40    64713    67152   221.26   423.50 0.05  143.66     
 5000 0.5000   100   185528   201450   100.46   247.90 0.01  230.83     
 5000 0.5000   200   397287   414089    57.41   182.70 0.10  419.73     
 5000 0.5000   400   775856   812118    30.62   115.80 0.17  656.00     
 5000 0.5000  1000  1644692  1747140    13.28    61.20 0.49 1009.78     
 5000 0.5000  2000  2604963  3077334     6.88    18.40 0.57  675.19     

