 1 48 48 69
( 1,21, 9, 0) ( 1,17, 9, 0) ( 1,13, 9, 0) ( 1,10, 9, 0) ( 1, 6, 9, 0) 
( 1, 2, 9, 0) 
( 2,44, 9, 0) ( 2,43, 9, 0) ( 2,42, 9, 0) 
( 3, 2,27, 0) 
( 4, 3,27, 0) 
( 5, 4,27, 0) 
( 6, 5,27, 0) 
( 7, 6,27, 0) 
( 8, 7,27, 0) 
( 9, 8,27, 0) 
(10, 9,27, 0) 
(11,47, 9, 0) (11,46, 9, 0) (11,45, 9, 0) 
(12,11,27, 0) 
(13,12,27, 0) 
(14,13,27, 0) 
(15,14,27, 0) 
(16,15,27, 0) 
(17,16,27, 0) 
(18,17,27, 0) 
(19,18,27, 0) 
(20,19,27, 0) 
(21,20,27, 0) 
(22,23,27, 0) 
(23,24,27, 0) 
(24,25,27, 0) (24,48, 9, 0) 
(25,26,27, 0) 
(26,27,27, 0) 
(27,28,27, 0) 
(28,29,27, 0) (28,48, 9, 0) 
(29,30,27, 0) 
(30,31,27, 0) 
(31,32,27, 0) 
(32,48, 9, 0) 
(33,34,27, 0) (33,48, 9, 0) 
(34,35,27, 0) 
(35,36,27, 0) 
(36,37,27, 0) 
(37,38,27, 0) (37,48, 9, 0) 
(38,39,27, 0) 
(39,40,27, 0) 
(40,41,27, 0) 
(41,48, 9, 0) 
(42,22, 9, 0) (42,47, 1, 0) (42,46, 1, 0) (42,45, 1, 0) 
(43,22, 9, 0) (43,47, 1, 0) (43,46, 1, 0) (43,45, 1, 0) 
(44,22, 9, 0) (44,47, 1, 0) (44,46, 1, 0) (44,45, 1, 0) 
(45,33, 9, 0) 
(46,33, 9, 0) 
(47,33, 9, 0) 

