30 50
( 1, 2) ( 1,24) ( 1,27) ( 1,28) 
( 2, 1) ( 2,14) ( 2,25) ( 2,27) 
( 3,24) ( 3,26) 
( 4,15) ( 4,18) ( 4,23) ( 4,27) 
( 5, 9) ( 5,10) 
( 6,21) ( 6,25) ( 6,29) 
( 8,21) 
( 9, 5) ( 9,17) ( 9,23) ( 9,24) ( 9,25) 
(10, 5) (10,13) (10,22) (10,26) 
(11,21) (11,25) (11,28) (11,29) 
(12,23) (12,24) (12,27) 
(13,10) (13,16) (13,18) (13,21) (13,28) 
(14, 2) (14,18) 
(15, 4) (15,17) (15,23) 
(16,13) (16,18) (16,22) (16,29) (16,30) 
(17, 9) (17,15) 
(18, 4) (18,13) (18,14) (18,16) 
(19,27) 
(20,26) 
(21, 6) (21, 8) (21,11) (21,13) 
(22,10) (22,16) (22,26) 
(23, 4) (23, 9) (23,12) (23,15) (23,30) 
(24, 1) (24, 3) (24, 9) (24,12) (24,26) 
(25, 2) (25, 6) (25, 9) (25,11) (25,28) 
(26, 3) (26,10) (26,20) (26,22) (26,24) 
(27, 1) (27, 2) (27, 4) (27,12) (27,19) 
(28, 1) (28,11) (28,13) (28,25) 
(29, 6) (29,11) (29,16) 
(30,16) (30,23) 

