102
290
1
102
(1,8,12,0)
(1,6,12,0)
(1,4,12,0)
(1,11,12,0)
(1,10,12,0)
(1,5,12,0)
(1,7,12,0)
(1,3,12,0)
(1,2,12,0)
(1,9,12,0)
(2,12,1,0)
(2,15,4,0)
(2,19,2,0)
(3,15,1,0)
(3,14,4,0)
(3,16,1,0)
(4,12,4,0)
(4,17,1,0)
(4,16,2,0)
(5,15,2,0)
(5,17,2,0)
(5,12,1,0)
(6,20,2,0)
(6,12,2,0)
(6,13,1,0)
(7,16,4,0)
(7,20,4,0)
(7,12,1,0)
(8,15,1,0)
(8,17,4,0)
(8,16,3,0)
(9,18,2,0)
(9,20,2,0)
(9,14,2,0)
(10,17,2,0)
(10,15,1,0)
(10,12,1,0)
(11,16,4,0)
(11,18,3,0)
(11,17,4,0)
(12,24,2,0)
(12,30,3,0)
(12,26,2,0)
(13,26,4,0)
(13,27,2,0)
(13,25,3,0)
(14,25,2,0)
(14,28,4,0)
(14,24,2,0)
(15,22,3,0)
(15,24,2,0)
(15,28,4,0)
(16,27,2,0)
(16,28,1,0)
(16,26,2,0)
(17,31,2,0)
(17,27,1,0)
(17,23,1,0)
(18,29,1,0)
(18,30,3,0)
(18,28,1,0)
(19,29,1,0)
(19,28,2,0)
(19,22,4,0)
(20,27,3,0)
(20,26,2,0)
(20,23,4,0)
(21,30,2,0)
(21,24,3,0)
(21,22,1,0)
(22,35,3,0)
(22,32,2,0)
(22,37,2,0)
(23,39,2,0)
(23,41,4,0)
(23,37,4,0)
(24,41,4,0)
(24,38,2,0)
(24,33,4,0)
(25,38,2,0)
(25,37,4,0)
(25,41,1,0)
(26,41,1,0)
(26,37,4,0)
(26,38,3,0)
(27,34,3,0)
(27,40,2,0)
(27,32,2,0)
(28,33,3,0)
(28,35,1,0)
(28,38,1,0)
(29,40,1,0)
(29,34,4,0)
(29,37,4,0)
(30,36,4,0)
(30,37,1,0)
(30,33,1,0)
(31,37,1,0)
(31,40,3,0)
(31,38,2,0)
(32,49,3,0)
(32,47,4,0)
(32,44,4,0)
(33,48,2,0)
(33,49,4,0)
(33,45,1,0)
(34,47,3,0)
(34,49,4,0)
(34,51,2,0)
(35,47,2,0)
(35,48,2,0)
(35,44,4,0)
(36,46,3,0)
(36,51,2,0)
(36,42,3,0)
(37,43,2,0)
(37,46,2,0)
(37,49,2,0)
(38,44,1,0)
(38,48,4,0)
(38,43,1,0)
(39,44,4,0)
(39,42,3,0)
(39,49,3,0)
(40,50,2,0)
(40,43,1,0)
(40,42,2,0)
(41,44,4,0)
(41,45,1,0)
(41,48,1,0)
(42,53,4,0)
(42,59,1,0)
(42,58,3,0)
(43,61,1,0)
(43,52,3,0)
(43,60,1,0)
(44,54,1,0)
(44,57,4,0)
(44,58,3,0)
(45,58,2,0)
(45,54,3,0)
(45,60,3,0)
(46,55,1,0)
(46,60,1,0)
(46,54,1,0)
(47,58,2,0)
(47,55,1,0)
(47,59,4,0)
(48,57,1,0)
(48,60,1,0)
(48,55,4,0)
(49,56,1,0)
(49,53,1,0)
(49,57,2,0)
(50,58,1,0)
(50,54,1,0)
(50,61,4,0)
(51,55,4,0)
(51,58,4,0)
(51,60,4,0)
(52,65,1,0)
(52,64,2,0)
(52,66,4,0)
(53,68,3,0)
(53,65,3,0)
(53,71,3,0)
(54,71,2,0)
(54,63,4,0)
(54,66,3,0)
(55,70,2,0)
(55,68,1,0)
(55,71,2,0)
(56,71,2,0)
(56,63,2,0)
(56,65,1,0)
(57,68,4,0)
(57,71,2,0)
(57,62,1,0)
(58,70,2,0)
(58,62,1,0)
(58,67,4,0)
(59,63,4,0)
(59,64,4,0)
(59,71,4,0)
(60,70,3,0)
(60,69,1,0)
(60,71,3,0)
(61,67,1,0)
(61,66,2,0)
(61,69,2,0)
(62,77,1,0)
(62,74,2,0)
(62,75,2,0)
(63,79,3,0)
(63,80,2,0)
(63,74,3,0)
(64,80,3,0)
(64,74,2,0)
(64,75,4,0)
(65,77,3,0)
(65,81,4,0)
(65,75,2,0)
(66,73,3,0)
(66,75,1,0)
(66,74,3,0)
(67,81,1,0)
(67,79,3,0)
(67,72,1,0)
(68,81,3,0)
(68,74,2,0)
(68,78,4,0)
(69,77,1,0)
(69,78,2,0)
(69,76,3,0)
(70,77,3,0)
(70,81,4,0)
(70,74,3,0)
(71,78,3,0)
(71,74,3,0)
(71,79,2,0)
(72,84,1,0)
(72,86,1,0)
(72,83,3,0)
(73,87,4,0)
(73,84,2,0)
(73,86,3,0)
(74,85,4,0)
(74,87,4,0)
(74,84,4,0)
(75,89,4,0)
(75,85,2,0)
(75,82,4,0)
(76,82,4,0)
(76,89,1,0)
(76,85,2,0)
(77,91,4,0)
(77,82,3,0)
(77,89,2,0)
(78,82,3,0)
(78,83,4,0)
(78,84,2,0)
(79,89,3,0)
(79,87,3,0)
(79,83,1,0)
(80,85,1,0)
(80,82,3,0)
(80,91,4,0)
(81,83,3,0)
(81,88,1,0)
(81,91,1,0)
(82,95,3,0)
(82,99,3,0)
(82,98,1,0)
(83,99,3,0)
(83,98,1,0)
(83,95,1,0)
(84,99,4,0)
(84,97,2,0)
(84,95,2,0)
(85,92,4,0)
(85,100,4,0)
(85,95,1,0)
(86,94,4,0)
(86,100,4,0)
(86,92,3,0)
(87,94,4,0)
(87,98,1,0)
(87,96,3,0)
(88,92,4,0)
(88,100,1,0)
(88,96,1,0)
(89,99,3,0)
(89,93,2,0)
(89,95,1,0)
(90,94,4,0)
(90,96,3,0)
(90,93,4,0)
(91,94,1,0)
(91,96,4,0)
(91,101,2,0)
(92,102,12,0)
(93,102,12,0)
(94,102,12,0)
(95,102,12,0)
(96,102,12,0)
(97,102,12,0)
(98,102,12,0)
(99,102,12,0)
(100,102,12,0)
(101,102,12,0)
