
 1000 0.0100  1000      821     1047    12.03    57.00 0.02    8.69      10     
 1000 0.0200  1000      981     1597    10.50    50.40 0.00   16.25      10    
 1000 0.0300  1000     1230     1537     9.15    39.70 0.01   28.68      10   
 1000 0.0400  1000     2148     3136     8.39    33.80 0.03   81.31      10  
 1000 0.0500  1000     3162     4096     8.28    35.40 0.04  193.78      10 
 1000 0.0750  1000     4744     7197     6.62    32.30 0.06  547.80      10

 1000 0.0100  1000      866     1142     7.12    18.40 0.01    5.70      10         
 1000 0.0200  1000     1020     1665     5.88    12.00 0.01   10.36      10       
 1000 0.0300  1000     1334     1859     5.30    10.50 0.01   21.13      10     
 1000 0.0400  1000     2197     3368     5.09    14.00 0.00   65.04      10   
 1000 0.0500  1000     3228     4145     4.97    13.20 0.06  171.37      10 
 1000 0.0750  1000     4756     7215     4.36     9.10 0.04  487.41      10       

 1000 0.0100  1000     1330     1488     6.96    13.00 0.00    9.83      10     
 1000 0.0200  1000     2971     3342     5.68     9.60 0.01   35.95      10   
 1000 0.0300  1000     3208     3646     5.16     9.90 0.02   54.40      10         
 1000 0.0400  1000     3537     3971     4.84    12.30 0.01  104.07      10       
 1000 0.0500  1000     4479     5078     4.61    12.50 0.05  234.02      10     
 1000 0.0750  1000     8510     9831     4.26     8.80 0.12  874.64      10   

 1000 0.0100  1000     1400     1602     7.10    14.65 0.00    0.29      20         
 1000 0.0200  1000     2960     3374     5.71     9.40 0.00    0.40      20      
 1000 0.0500  1000     4380     5078     4.64    12.95 0.00    2.17      20 
 1000 0.1000  1000    12263    14765     4.09     6.55 0.00    2.75      20        
 1000 0.2000  1000    16153    19376     3.69     5.00 0.01    4.11      20         
 1000 0.5000  1000    33669    38597     3.06     4.00 0.00    6.64      20         

 1000 0.0100  1000     1353     1678     7.04    13.54 0.00    2.07      50         
 1000 0.0200  1000     3076     3598     5.77     9.66 0.01    2.44      50       
 1000 0.0500  1000     4386     5079     4.65    13.04 0.01    7.92      50         
 1000 0.1000  1000    12130    15132     4.09     6.66 0.03   10.36      50         
 1000 0.2000  1000    16409    24372     3.69     5.00 0.01   14.91      50   
 1000 0.5000  1000    33769    38598     3.06     4.00 0.00   23.84      50     

 1000 0.0100  1000     1800     3014  2128.04     2970  3295.42     4991 52322.00    86486 0.05    0.21      50      
 1000 0.0200  1000     1587     3010  3531.52     5508  3238.62     4855 90737.94   171646 0.10    0.32      50     
 1000 0.0500  1000     2537     4001  6112.58     7949  3810.24     5552 351630.50   559257 0.11    1.95      50      
 1000 0.1000  1000     1042     2000 10965.78    15692  3707.08     5431 309290.14   588783 0.14    2.71      50       
 1000 0.2000  1000      700     1000  7096.84    11406  1955.08     2906 394764.30   550826 0.09    4.23      50        
 1000 0.5000  1000      739     1000  9889.94    20881  1316.14     1780 1083139.58  1368166 0.06    9.69      50         
