50 100
( 1,26) ( 1,30) ( 1,36) 
( 2,27) ( 2,28) ( 2,31) ( 2,39) ( 2,41) 
( 3,32) ( 3,34) ( 3,36) ( 3,37) ( 3,44) 
( 4,27) ( 4,40) ( 4,42) ( 4,43) ( 4,48) 
( 5,40) ( 5,49) 
( 6,27) ( 6,40) ( 6,43) ( 6,48) ( 6,50) 
( 7,26) ( 7,37) ( 7,41) ( 7,46) 
( 8,27) ( 8,28) ( 8,42) ( 8,47) ( 8,50) 
( 9,26) ( 9,37) 
(10,29) (10,30) (10,35) (10,38) 
(11,28) (11,36) (11,43) (11,44) (11,46) 
(11,48) 
(12,29) (12,30) (12,34) (12,35) (12,36) 
(12,37) (12,41) (12,44) 
(13,45) 
(14,29) (14,34) (14,39) (14,44) 
(15,26) (15,28) (15,39) (15,40) 
(16,29) (16,30) (16,38) 
(17,26) (17,45) 
(18,42) (18,46) (18,47) 
(19,28) (19,31) (19,33) (19,34) (19,41) 
(20,26) (20,29) (20,44) (20,47) 
(21,33) (21,35) (21,40) (21,44) 
(22,30) (22,34) (22,47) (22,50) 
(23,28) (23,49) (23,50) 
(24,36) (24,49) 
(25,35) (25,36) (25,37) (25,40) (25,41) 
(25,45) (25,48) 
(26, 1) (26, 7) (26, 9) (26,15) (26,17) 
(26,20) 
(27, 2) (27, 4) (27, 6) (27, 8) 
(28, 2) (28, 8) (28,11) (28,15) (28,19) 
(28,23) 
(29,10) (29,12) (29,14) (29,16) (29,20) 
(30, 1) (30,10) (30,12) (30,16) (30,22) 
(31, 2) (31,19) 
(32, 3) 
(33,19) (33,21) 
(34, 3) (34,12) (34,14) (34,19) (34,22) 
(35,10) (35,12) (35,21) (35,25) 
(36, 1) (36, 3) (36,11) (36,12) (36,24) 
(36,25) 
(37, 3) (37, 7) (37, 9) (37,12) (37,25) 
(38,10) (38,16) 
(39, 2) (39,14) (39,15) 
(40, 4) (40, 5) (40, 6) (40,15) (40,21) 
(40,25) 
(41, 2) (41, 7) (41,12) (41,19) (41,25) 
(42, 4) (42, 8) (42,18) 
(43, 4) (43, 6) (43,11) 
(44, 3) (44,11) (44,12) (44,14) (44,20) 
(44,21) 
(45,13) (45,17) (45,25) 
(46, 7) (46,11) (46,18) 
(47, 8) (47,18) (47,20) (47,22) 
(48, 4) (48, 6) (48,11) (48,25) 
(49, 5) (49,23) (49,24) 
(50, 6) (50, 8) (50,22) (50,23) 

