500 1500
( 1,15) ( 1,181) ( 1,185) ( 1,243) ( 1,288) 
( 1,383) ( 1,449) ( 1,490) 
( 2,60) ( 2,90) ( 2,94) ( 2,123) ( 2,189) 
( 2,232) ( 2,252) ( 2,319) ( 2,398) ( 2,483) 
( 3,43) ( 3,103) ( 3,153) ( 3,168) ( 3,227) 
( 3,435) ( 3,483) ( 3,485) 
( 4,18) ( 4,147) ( 4,177) ( 4,214) ( 4,326) 
( 4,487) 
( 5, 6) ( 5,41) ( 5,235) ( 5,365) ( 5,366) 
( 5,405) ( 5,420) ( 5,445) ( 5,458) 
( 6, 5) ( 6,111) ( 6,170) ( 6,219) ( 6,351) 
( 6,440) 
( 7,86) ( 7,130) ( 7,150) ( 7,288) 
( 8,16) ( 8,135) ( 8,198) ( 8,261) ( 8,307) 
( 8,345) ( 8,409) 
( 9,71) ( 9,74) ( 9,468) 
(10,29) (10,41) (10,72) (10,117) (10,118) 
(10,271) (10,376) 
(11,36) (11,105) (11,114) (11,297) (11,313) 
(11,489) 
(12,17) (12,195) (12,290) (12,343) (12,360) 
(12,423) (12,494) 
(13,76) (13,123) (13,382) (13,414) (13,427) 
(13,494) 
(14,98) (14,109) (14,182) (14,234) (14,402) 
(14,445) (14,476) 
(15, 1) (15,28) (15,37) (15,112) (15,224) 
(16, 8) (16,34) (16,42) (16,76) (16,177) 
(16,210) (16,328) (16,414) (16,498) 
(17,12) (17,289) (17,351) 
(18, 4) (18,41) (18,115) (18,136) (18,141) 
(18,172) (18,186) (18,210) (18,247) (18,376) 
(18,458) (18,470) (18,500) 
(19,69) (19,161) (19,219) (19,239) (19,423) 
(20,69) (20,109) (20,227) (20,234) (20,499) 
(21,126) (21,200) (21,239) (21,335) (21,405) 
(21,439) (21,465) 
(22,24) (22,114) (22,417) (22,490) (22,492) 
(23,81) (23,118) (23,169) (23,256) (23,279) 
(23,289) (23,301) (23,448) (23,465) 
(24,22) (24,157) (24,183) (24,254) (24,260) 
(24,421) 
(25,125) (25,201) (25,202) (25,403) (25,444) 
(25,472) 
(26,39) (26,109) (26,171) (26,175) (26,180) 
(26,228) (26,336) (26,423) (26,437) 
(27,116) (27,381) (27,436) (27,473) 
(28,15) (28,75) (28,203) (28,304) (28,319) 
(29,10) (29,161) (29,262) (29,297) (29,365) 
(29,380) (29,403) (29,445) 
(30,32) (30,82) (30,225) (30,265) (30,272) 
(30,302) (30,341) (30,376) (30,379) (30,497) 
(31,135) (31,150) (31,204) (31,221) (31,307) 
(31,312) (31,396) 
(32,30) (32,85) (32,149) (32,177) (32,215) 
(32,309) (32,327) (32,464) (32,471) 
(33,54) (33,66) (33,135) (33,303) 
(34,16) (34,47) (34,165) (34,177) (34,259) 
(34,342) (34,357) (34,475) 
(35,104) (35,214) (35,295) (35,304) (35,404) 
(36,11) (36,495) 
(37,15) (37,46) (37,62) (37,85) (37,90) 
(37,116) (37,375) 
(38,114) (38,222) (38,471) 
(39,26) (39,135) (39,395) 
(40,88) (40,133) (40,181) (40,185) (40,217) 
(40,236) (40,307) (40,396) (40,500) 
(41, 5) (41,10) (41,18) (41,59) (41,124) 
(41,145) (41,157) (41,357) 
(42,16) (42,117) (42,289) 
(43, 3) (43,77) (43,78) (43,136) (43,162) 
(43,346) (43,430) (43,457) (43,476) 
(44,56) (44,160) (44,162) (44,237) (44,332) 
(44,469) 
(45,97) (45,105) (45,160) (45,207) (45,253) 
(45,315) (45,409) (45,440) 
(46,37) (46,91) (46,117) (46,125) (46,145) 
(46,335) (46,355) 
(47,34) (47,74) (47,90) (47,159) (47,168) 
(47,296) (47,305) (47,433) (47,449) 
(48,82) (48,100) 
(49,194) (49,217) (49,246) (49,480) (49,491) 
(50,172) (50,248) (50,291) (50,329) (50,385) 
(50,408) (50,444) 
(51,72) (51,110) (51,123) (51,149) (51,187) 
(51,201) (51,290) (51,403) (51,483) 
(52,63) (52,108) (52,142) (52,343) (52,381) 
(52,412) (52,454) 
(53,279) (53,406) 
(54,33) (54,109) (54,113) (54,308) (54,433) 
(55,103) (55,240) (55,461) (55,463) 
(56,44) (56,82) (56,274) 
(57,217) (57,310) 
(58,104) (58,190) (58,329) (58,381) 
(59,41) (59,119) (59,147) (59,148) (59,177) 
(59,373) (59,475) 
(60, 2) (60,120) (60,193) (60,289) (60,351) 
(60,368) (60,448) 
(61,202) (61,226) (61,263) (61,304) (61,313) 
(61,489) 
(62,37) (62,228) (62,246) (62,386) (62,448) 
(63,52) (63,180) (63,200) (63,266) (63,306) 
(63,422) (63,425) (63,427) (63,497) 
(64,221) (64,264) (64,265) (64,275) (64,299) 
(64,345) (64,446) (64,487) (64,488) 
(65,71) (65,77) (65,78) (65,79) (65,154) 
(65,245) (65,317) 
(66,33) (66,234) (66,235) 
(67,245) 
(68,101) (68,177) (68,435) 
(69,19) (69,20) (69,189) (69,217) (69,292) 
(70,121) (70,177) (70,208) (70,333) (70,347) 
(70,404) (70,422) (70,430) 
(71, 9) (71,65) (71,101) (71,135) (71,252) 
(71,326) (71,389) 
(72,10) (72,51) (72,142) (72,173) (72,258) 
(72,270) (72,366) (72,381) 
(73,212) (73,350) (73,399) (73,485) (73,494) 
(74, 9) (74,47) (74,224) (74,306) 
(75,28) (75,79) (75,121) (75,186) (75,290) 
(75,320) 
(76,13) (76,16) (76,171) (76,188) (76,312) 
(76,360) (76,419) (76,490) 
(77,43) (77,65) (77,110) (77,119) (77,174) 
(77,199) (77,306) (77,328) (77,349) (77,410) 
(78,43) (78,65) (78,149) (78,174) (78,186) 
(78,322) (78,415) (78,422) (78,464) 
(79,65) (79,75) (79,187) (79,219) (79,258) 
(79,364) 
(80,101) (80,227) 
(81,23) (81,130) (81,151) (81,216) (81,222) 
(81,333) (81,342) (81,420) (81,435) (81,500) 
(82,30) (82,48) (82,56) (82,121) (82,134) 
(82,138) (82,194) (82,198) (82,369) (82,448) 
(83,143) (83,311) (83,456) (83,480) 
(84,170) (84,209) (84,499) 
(85,32) (85,37) (85,129) (85,265) (85,338) 
(85,447) (85,492) (85,499) 
(86, 7) (86,278) (86,331) (86,399) (86,439) 
(87,301) (87,331) (87,433) (87,490) (87,496) 
(88,40) (88,157) (88,298) (88,301) (88,320) 
(88,381) (88,488) (88,498) 
(89,126) (89,127) (89,212) (89,283) (89,435) 
(90, 2) (90,37) (90,47) (90,196) (90,287) 
(91,46) (91,117) (91,221) (91,267) (91,384) 
(91,463) (91,486) 
(92,118) (92,170) (92,207) (92,208) (92,253) 
(92,484) 
(93,111) (93,319) (93,369) (93,370) (93,429) 
(94, 2) (94,101) (94,347) (94,387) 
(95,137) (95,242) (95,255) 
(96,236) (96,238) (96,309) 
(97,45) (97,245) (97,285) (97,290) (97,427) 
(98,14) (98,105) (98,370) (98,419) 
(99,118) (99,152) (99,433) (99,477) 
(100,48) (100,332) (100,360) 
(101,68) (101,71) (101,80) (101,94) (101,131) 
(101,216) (101,279) (101,305) (101,310) (101,363) 
(101,427) 
(102,375) (102,438) (102,470) (102,474) (102,499) 
(103, 3) (103,55) (103,193) (103,200) (103,321) 
(103,444) (103,490) 
(104,35) (104,58) (104,128) (104,177) (104,289) 
(104,308) (104,364) 
(105,11) (105,45) (105,98) (105,220) (105,228) 
(105,318) (105,389) (105,416) 
(106,264) (106,343) (106,372) (106,379) 
(107,329) (107,392) (107,439) 
(108,52) (108,143) (108,232) (108,285) (108,437) 
(108,482) 
(109,14) (109,20) (109,26) (109,54) (109,119) 
(109,170) (109,223) (109,231) (109,274) (109,326) 
(109,342) 
(110,51) (110,77) (110,131) (110,139) (110,459) 
(110,486) 
(111, 6) (111,93) (111,182) (111,213) (111,260) 
(111,284) (111,292) (111,297) (111,313) (111,380) 
(111,400) 
(112,15) (112,157) (112,195) (112,300) (112,349) 
(112,396) (112,474) 
(113,54) (113,198) (113,215) (113,218) (113,239) 
(113,265) (113,384) (113,483) 
(114,11) (114,22) (114,38) (114,149) (114,156) 
(114,310) (114,442) (114,484) (114,500) 
(115,18) (115,276) (115,351) (115,413) (115,485) 
(116,27) (116,37) (116,242) (116,451) (116,456) 
(117,10) (117,42) (117,46) (117,91) (117,119) 
(117,149) (117,237) (117,281) (117,290) (117,326) 
(117,344) (117,381) 
(118,10) (118,23) (118,92) (118,99) (118,268) 
(118,278) (118,390) 
(119,59) (119,77) (119,109) (119,117) (119,193) 
(119,322) (119,333) 
(120,60) (120,286) (120,293) (120,406) (120,474) 
(121,70) (121,75) (121,82) (121,370) (121,489) 
(122,123) (122,171) (122,260) (122,360) (122,411) 
(122,456) 
(123, 2) (123,13) (123,51) (123,122) (123,239) 
(123,379) (123,396) 
(124,41) (124,174) (124,271) (124,274) (124,344) 
(124,434) 
(125,25) (125,46) (125,173) (125,254) (125,386) 
(125,432) (125,475) (125,494) 
(126,21) (126,89) (126,471) 
(127,89) (127,136) (127,163) (127,304) (127,470) 
(127,486) 
(128,104) (128,138) (128,217) (128,323) (128,384) 
(128,397) (128,446) 
(129,85) (129,272) (129,277) (129,320) (129,367) 
(129,388) (129,492) 
(130, 7) (130,81) (130,140) (130,196) (130,200) 
(130,288) (130,373) (130,387) 
(131,101) (131,110) (131,176) (131,240) (131,249) 
(131,362) (131,491) 
(132,257) (132,351) 
(133,40) (133,237) (133,251) (133,478) (133,497) 
(134,82) (134,250) (134,340) (134,446) (134,462) 
(135, 8) (135,31) (135,33) (135,39) (135,71) 
(135,155) (135,174) (135,215) (135,254) (135,317) 
(135,387) (135,404) 
(136,18) (136,43) (136,127) (136,207) (136,351) 
(136,432) (136,478) (136,500) 
(137,95) (137,255) (137,288) (137,316) 
(138,82) (138,128) (138,242) (138,334) (138,419) 
(138,465) (138,483) 
(139,110) (139,163) (139,178) (139,369) (139,412) 
(139,438) 
(140,130) (140,188) (140,215) (140,289) (140,411) 
(141,18) (141,195) (141,222) (141,289) (141,300) 
(141,337) (141,340) (141,427) 
(142,52) (142,72) (142,431) 
(143,83) (143,108) (143,194) (143,345) (143,366) 
(143,394) (143,456) (143,470) (143,479) 
(144,204) (144,219) (144,262) (144,316) 
(145,41) (145,46) (145,325) (145,389) (145,436) 
(145,446) 
(146,231) (146,253) (146,256) (146,377) (146,451) 
(147, 4) (147,59) (147,183) (147,198) (147,289) 
(147,420) 
(148,59) (148,215) (148,418) 
(149,32) (149,51) (149,78) (149,114) (149,117) 
(149,173) (149,230) (149,328) (149,445) 
(150, 7) (150,31) (150,275) (150,297) 
(151,81) (151,335) (151,355) (151,395) (151,404) 
(151,411) (151,463) 
(152,99) (152,216) (152,248) (152,362) (152,430) 
(152,447) (152,474) 
(153, 3) (153,270) (153,411) (153,455) (153,488) 
(153,490) 
(154,65) (154,229) 
(155,135) (155,178) (155,204) (155,308) (155,384) 
(156,114) (156,176) (156,222) (156,226) (156,292) 
(156,346) (156,381) 
(157,24) (157,41) (157,88) (157,112) (157,307) 
(157,362) (157,396) (157,415) (157,444) 
(158,219) (158,320) 
(159,47) (159,406) 
(160,44) (160,45) (160,174) (160,259) (160,470) 
(161,19) (161,29) (161,189) (161,192) (161,215) 
(161,266) (161,271) (161,303) (161,334) (161,389) 
(161,404) 
(162,43) (162,44) (162,167) (162,226) (162,256) 
(162,394) (162,402) (162,448) (162,466) 
(163,127) (163,139) (163,177) (163,351) (163,378) 
(163,390) 
(164,181) (164,206) (164,298) (164,358) (164,468) 
(165,34) (165,178) (165,274) (165,320) 
(166,185) (166,262) (166,272) (166,453) (166,476) 
(167,162) (167,293) (167,294) (167,437) 
(168, 3) (168,47) (168,268) (168,287) (168,349) 
(168,467) 
(169,23) (169,383) (169,425) (169,435) 
(170, 6) (170,84) (170,92) (170,109) (170,335) 
(170,379) 
(171,26) (171,76) (171,122) (171,207) (171,226) 
(171,456) 
(172,18) (172,50) (172,176) (172,267) (172,431) 
(172,454) 
(173,72) (173,125) (173,149) (173,227) (173,435) 
(174,77) (174,78) (174,124) (174,135) (174,160) 
(174,233) (174,372) (174,409) 
(175,26) (175,189) (175,217) (175,484) 
(176,131) (176,156) (176,172) (176,202) 
(177, 4) (177,16) (177,32) (177,34) (177,59) 
(177,68) (177,70) (177,104) (177,163) (177,259) 
(177,379) (177,492) 
(178,139) (178,155) (178,165) (178,275) (178,286) 
(178,479) 
(179,234) (179,389) (179,398) (179,463) (179,491) 
(180,26) (180,63) (180,334) (180,366) (180,427) 
(180,438) (180,483) 
(181, 1) (181,40) (181,164) (181,213) (181,307) 
(181,355) (181,405) (181,471) (181,494) (181,497) 
(182,14) (182,111) (182,212) (182,431) 
(183,24) (183,147) (183,205) (183,341) (183,349) 
(183,446) 
(184,188) (184,222) (184,488) 
(185, 1) (185,40) (185,166) (185,186) (185,198) 
(185,213) (185,243) (185,307) (185,309) (185,356) 
(185,441) (185,458) 
(186,18) (186,75) (186,78) (186,185) (186,201) 
(186,361) 
(187,51) (187,79) (187,204) (187,346) (187,394) 
(187,490) (187,500) 
(188,76) (188,140) (188,184) (188,248) (188,288) 
(188,316) (188,406) (188,413) 
(189, 2) (189,69) (189,161) (189,175) (189,263) 
(189,300) (189,391) 
(190,58) (190,253) (190,404) (190,420) (190,440) 
(191,238) (191,393) (191,408) 
(192,161) (192,255) 
(193,60) (193,103) (193,119) (193,201) (193,213) 
(194,49) (194,82) (194,143) (194,286) (194,288) 
(194,292) (194,442) 
(195,12) (195,112) (195,141) (195,392) (195,395) 
(195,472) 
(196,90) (196,130) (196,308) 
(197,208) (197,275) (197,317) 
(198, 8) (198,82) (198,113) (198,147) (198,185) 
(198,225) (198,243) (198,254) (198,287) (198,294) 
(198,304) (198,355) (198,437) 
(199,77) (199,251) (199,374) (199,456) (199,458) 
(200,21) (200,63) (200,103) (200,130) (200,359) 
(200,377) (200,391) 
(201,25) (201,51) (201,186) (201,193) (201,283) 
(201,284) (201,389) (201,473) 
(202,25) (202,61) (202,176) (202,232) 
(203,28) (203,274) (203,291) (203,426) 
(204,31) (204,144) (204,155) (204,187) (204,359) 
(204,398) (204,480) 
(205,183) (205,390) (205,414) (205,429) (205,475) 
(206,164) (206,248) (206,262) (206,319) (206,340) 
(206,420) (206,466) 
(207,45) (207,92) (207,136) (207,171) (207,300) 
(207,433) 
(208,70) (208,92) (208,197) (208,484) 
(209,84) (209,339) (209,371) (209,411) (209,412) 
(209,425) (209,474) (209,488) 
(210,16) (210,18) (210,287) (210,461) (210,468) 
(211,271) (211,316) (211,318) (211,319) (211,330) 
(211,334) (211,347) (211,438) 
(212,73) (212,89) (212,182) (212,226) (212,237) 
(212,304) (212,333) (212,401) 
(213,111) (213,181) (213,185) (213,193) (213,214) 
(213,260) (213,364) (213,381) 
(214, 4) (214,35) (214,213) (214,247) (214,488) 
(215,32) (215,113) (215,135) (215,140) (215,148) 
(215,161) (215,234) (215,344) (215,405) (215,442) 
(215,481) 
(216,81) (216,101) (216,152) (216,450) 
(217,40) (217,49) (217,57) (217,69) (217,128) 
(217,175) (217,304) (217,317) (217,359) (217,414) 
(217,447) 
(218,113) (218,219) (218,238) (218,297) (218,489) 
(219, 6) (219,19) (219,79) (219,144) (219,158) 
(219,218) (219,271) (219,448) 
(220,105) (220,228) (220,251) (220,339) 
(221,31) (221,64) (221,91) (221,401) 
(222,38) (222,81) (222,141) (222,156) (222,184) 
(222,262) (222,295) (222,304) (222,309) (222,316) 
(222,318) (222,418) (222,445) 
(223,109) (223,235) (223,291) (223,306) (223,311) 
(223,363) (223,408) (223,412) (223,463) (223,489) 
(224,15) (224,74) (224,396) (224,415) (224,429) 
(225,30) (225,198) (225,339) 
(226,61) (226,156) (226,162) (226,171) (226,212) 
(226,243) (226,267) (226,490) 
(227, 3) (227,20) (227,80) (227,173) (227,286) 
(227,492) 
(228,26) (228,62) (228,105) (228,220) (228,316) 
(228,365) (228,390) (228,468) (228,480) (228,492) 
(229,154) (229,236) (229,245) (229,258) (229,341) 
(229,368) 
(230,149) (230,275) (230,309) (230,365) (230,428) 
(230,478) 
(231,109) (231,146) (231,260) (231,290) (231,426) 
(231,428) (231,436) 
(232, 2) (232,108) (232,202) (232,266) (232,304) 
(232,305) (232,423) 
(233,174) (233,255) (233,361) (233,388) 
(234,14) (234,20) (234,66) (234,179) (234,215) 
(234,235) (234,313) 
(235, 5) (235,66) (235,223) (235,234) (235,284) 
(235,481) 
(236,40) (236,96) (236,229) (236,286) (236,291) 
(236,353) (236,374) (236,386) (236,403) (236,470) 
(237,44) (237,117) (237,133) (237,212) (237,283) 
(237,450) 
(238,96) (238,191) (238,218) (238,332) (238,342) 
(239,19) (239,21) (239,113) (239,123) (239,436) 
(239,493) 
(240,55) (240,131) (240,244) 
(241,363) (241,385) 
(242,95) (242,116) (242,138) (242,462) 
(243, 1) (243,185) (243,198) (243,226) (243,289) 
(243,378) 
(244,240) (244,334) (244,347) 
(245,65) (245,67) (245,97) (245,229) (245,345) 
(245,365) (245,449) 
(246,49) (246,62) (246,284) 
(247,18) (247,214) (247,292) 
(248,50) (248,152) (248,188) (248,206) (248,291) 
(248,397) (248,421) (248,445) (248,457) 
(249,131) (249,265) (249,285) (249,403) (249,423) 
(249,483) 
(250,134) (250,283) (250,329) (250,390) (250,449) 
(251,133) (251,199) (251,220) (251,252) (251,271) 
(252, 2) (252,71) (252,251) (252,302) (252,385) 
(252,421) (252,423) (252,427) 
(253,45) (253,92) (253,146) (253,190) (253,270) 
(253,300) (253,334) (253,348) (253,381) (253,475) 
(254,24) (254,125) (254,135) (254,198) (254,288) 
(255,95) (255,137) (255,192) (255,233) (255,289) 
(255,294) (255,304) (255,328) (255,406) (255,420) 
(255,439) 
(256,23) (256,146) (256,162) (256,317) (256,323) 
(256,338) (256,351) (256,355) (256,412) (256,482) 
(257,132) 
(258,72) (258,79) (258,229) (258,269) (258,433) 
(259,34) (259,160) (259,177) (259,274) (259,278) 
(259,321) (259,361) (259,399) 
(260,24) (260,111) (260,122) (260,213) (260,231) 
(260,317) 
(261, 8) (261,287) (261,311) (261,323) (261,327) 
(262,29) (262,144) (262,166) (262,206) (262,222) 
(262,482) 
(263,61) (263,189) (263,387) 
(264,64) (264,106) (264,376) (264,409) 
(265,30) (265,64) (265,85) (265,113) (265,249) 
(265,352) (265,368) (265,392) 
(266,63) (266,161) (266,232) (266,314) (266,371) 
(266,394) (266,438) (266,470) 
(267,91) (267,172) (267,226) (267,398) (267,404) 
(268,118) (268,168) (268,348) (268,475) 
(269,258) (269,271) (269,457) 
(270,72) (270,153) (270,253) (270,282) (270,322) 
(271,10) (271,124) (271,161) (271,211) (271,219) 
(271,251) (271,269) (271,294) (271,417) (271,422) 
(272,30) (272,129) (272,166) (272,369) (272,451) 
(272,465) (272,490) 
(273,444) (273,495) 
(274,56) (274,109) (274,124) (274,165) (274,203) 
(274,259) (274,290) (274,332) (274,479) 
(275,64) (275,150) (275,178) (275,197) (275,230) 
(276,115) (276,366) (276,438) 
(277,129) (277,412) 
(278,86) (278,118) (278,259) (278,415) 
(279,23) (279,53) (279,101) (279,336) (279,345) 
(279,436) 
(280,422) (280,458) 
(281,117) (281,307) (281,417) (281,432) (281,481) 
(281,498) 
(282,270) (282,284) (282,346) (282,348) (282,457) 
(283,89) (283,201) (283,237) (283,250) (283,291) 
(283,295) (283,330) (283,388) (283,452) (283,497) 
(284,111) (284,201) (284,235) (284,246) (284,282) 
(284,298) (284,358) (284,464) 
(285,97) (285,108) (285,249) (285,361) 
(286,120) (286,178) (286,194) (286,227) (286,236) 
(286,458) 
(287,90) (287,168) (287,198) (287,210) (287,261) 
(287,378) (287,393) 
(288, 1) (288, 7) (288,130) (288,137) (288,188) 
(288,194) (288,254) (288,458) 
(289,17) (289,23) (289,42) (289,60) (289,104) 
(289,140) (289,141) (289,147) (289,243) (289,255) 
(289,396) 
(290,12) (290,51) (290,75) (290,97) (290,117) 
(290,231) (290,274) (290,302) (290,303) (290,417) 
(290,473) (290,499) 
(291,50) (291,203) (291,223) (291,236) (291,248) 
(291,283) (291,306) (291,474) (291,499) 
(292,69) (292,111) (292,156) (292,194) (292,247) 
(292,361) (292,408) (292,422) 
(293,120) (293,167) (293,341) (293,498) 
(294,167) (294,198) (294,255) (294,271) (294,446) 
(294,450) 
(295,35) (295,222) (295,283) (295,397) 
(296,47) (296,305) 
(297,11) (297,29) (297,111) (297,150) (297,218) 
(298,88) (298,164) (298,284) (298,350) 
(299,64) (299,384) (299,393) (299,497) 
(300,112) (300,141) (300,189) (300,207) (300,253) 
(300,337) (300,370) (300,452) (300,456) (300,468) 
(301,23) (301,87) (301,88) (301,305) (301,330) 
(301,450) 
(302,30) (302,252) (302,290) (302,338) (302,493) 
(303,33) (303,161) (303,290) (303,349) 
(304,28) (304,35) (304,61) (304,127) (304,198) 
(304,212) (304,217) (304,222) (304,232) (304,255) 
(304,379) (304,415) 
(305,47) (305,101) (305,232) (305,296) (305,301) 
(305,332) 
(306,63) (306,74) (306,77) (306,223) (306,291) 
(306,310) (306,434) 
(307, 8) (307,31) (307,40) (307,157) (307,181) 
(307,185) (307,281) (307,311) (307,369) (307,415) 
(307,443) 
(308,54) (308,104) (308,155) (308,196) (308,380) 
(308,406) (308,461) 
(309,32) (309,96) (309,185) (309,222) (309,230) 
(309,318) (309,357) 
(310,57) (310,101) (310,114) (310,306) (310,324) 
(310,375) (310,423) (310,440) (310,445) 
(311,83) (311,223) (311,261) (311,307) (311,341) 
(311,415) 
(312,31) (312,76) (312,320) (312,381) (312,405) 
(312,454) 
(313,11) (313,61) (313,111) (313,234) (313,358) 
(314,266) (314,335) (314,382) (314,469) 
(315,45) (315,326) (315,421) 
(316,137) (316,144) (316,188) (316,211) (316,222) 
(316,228) (316,411) (316,448) 
(317,65) (317,135) (317,197) (317,217) (317,256) 
(317,260) (317,345) (317,428) (317,447) (317,451) 
(318,105) (318,211) (318,222) (318,309) (318,341) 
(319, 2) (319,28) (319,93) (319,206) (319,211) 
(319,432) (319,453) (319,482) 
(320,75) (320,88) (320,129) (320,158) (320,165) 
(320,312) (320,366) (320,426) (320,435) 
(321,103) (321,259) (321,355) (321,387) (321,388) 
(321,409) 
(322,78) (322,119) (322,270) (322,425) 
(323,128) (323,256) (323,261) (323,340) (323,467) 
(324,310) (324,379) (324,428) 
(325,145) (325,378) 
(326, 4) (326,71) (326,109) (326,117) (326,315) 
(326,330) (326,348) (326,380) 
(327,32) (327,261) (327,356) (327,401) (327,491) 
(328,16) (328,77) (328,149) (328,255) 
(329,50) (329,58) (329,107) (329,250) (329,398) 
(329,429) 
(330,211) (330,283) (330,301) (330,326) (330,372) 
(330,485) 
(331,86) (331,87) (331,375) (331,410) (331,463) 
(332,44) (332,100) (332,238) (332,274) (332,305) 
(332,426) 
(333,70) (333,81) (333,119) (333,212) (333,388) 
(334,138) (334,161) (334,180) (334,211) (334,244) 
(334,253) (334,383) (334,384) 
(335,21) (335,46) (335,151) (335,170) (335,314) 
(336,26) (336,279) 
(337,141) (337,300) (337,354) (337,365) 
(338,85) (338,256) (338,302) (338,382) (338,455) 
(338,456) (338,474) (338,487) 
(339,209) (339,220) (339,225) (339,458) 
(340,134) (340,141) (340,206) (340,323) 
(341,30) (341,183) (341,229) (341,293) (341,311) 
(341,318) (341,453) 
(342,34) (342,81) (342,109) (342,238) (342,393) 
(342,468) 
(343,12) (343,52) (343,106) (343,367) (343,387) 
(344,117) (344,124) (344,215) (344,371) (344,407) 
(344,467) 
(345, 8) (345,64) (345,143) (345,245) (345,279) 
(345,317) (345,351) (345,401) (345,424) (345,467) 
(345,477) 
(346,43) (346,156) (346,187) (346,282) (346,377) 
(346,464) (346,482) 
(347,70) (347,94) (347,211) (347,244) (347,425) 
(347,449) 
(348,253) (348,268) (348,282) (348,326) (348,392) 
(348,453) 
(349,77) (349,112) (349,168) (349,183) (349,303) 
(349,387) 
(350,73) (350,298) (350,391) (350,481) 
(351, 6) (351,17) (351,60) (351,115) (351,132) 
(351,136) (351,163) (351,256) (351,345) (351,439) 
(351,441) (351,479) (351,496) 
(352,265) (352,362) (352,375) (352,394) 
(353,236) (353,377) 
(354,337) 
(355,46) (355,151) (355,181) (355,198) (355,256) 
(355,321) (355,358) (355,378) (355,448) (355,498) 
(356,185) (356,327) (356,474) 
(357,34) (357,41) (357,309) 
(358,164) (358,284) (358,313) (358,355) (358,390) 
(358,412) (358,419) 
(359,200) (359,204) (359,217) (359,381) 
(360,12) (360,76) (360,100) (360,122) 
(361,186) (361,233) (361,259) (361,285) (361,292) 
(362,131) (362,152) (362,157) (362,352) (362,364) 
(362,369) (362,447) 
(363,101) (363,223) (363,241) (363,494) 
(364,79) (364,104) (364,213) (364,362) (364,399) 
(364,436) (364,452) 
(365, 5) (365,29) (365,228) (365,230) (365,245) 
(365,337) (365,418) (365,455) (365,495) 
(366, 5) (366,72) (366,143) (366,180) (366,276) 
(366,320) (366,482) (366,486) 
(367,129) (367,343) (367,478) 
(368,60) (368,229) (368,265) 
(369,82) (369,93) (369,139) (369,272) (369,307) 
(369,362) (369,458) 
(370,93) (370,98) (370,121) (370,300) (370,477) 
(371,209) (371,266) (371,344) 
(372,106) (372,174) (372,330) (372,434) 
(373,59) (373,130) (373,386) (373,414) 
(374,199) (374,236) (374,447) (374,450) (374,479) 
(375,37) (375,102) (375,310) (375,331) (375,352) 
(376,10) (376,18) (376,30) (376,264) 
(377,146) (377,200) (377,346) (377,353) (377,499) 
(378,163) (378,243) (378,287) (378,325) (378,355) 
(378,458) 
(379,30) (379,106) (379,123) (379,170) (379,177) 
(379,304) (379,324) (379,457) 
(380,29) (380,111) (380,308) (380,326) (380,464) 
(381,27) (381,52) (381,58) (381,72) (381,88) 
(381,117) (381,156) (381,213) (381,253) (381,312) 
(381,359) (381,413) (381,448) 
(382,13) (382,314) (382,338) (382,401) 
(383, 1) (383,169) (383,334) (383,403) 
(384,91) (384,113) (384,128) (384,155) (384,299) 
(384,334) (384,403) 
(385,50) (385,241) (385,252) (385,434) 
(386,62) (386,125) (386,236) (386,373) (386,392) 
(386,442) 
(387,94) (387,130) (387,135) (387,263) (387,321) 
(387,343) (387,349) (387,493) 
(388,129) (388,233) (388,283) (388,321) (388,333) 
(389,71) (389,105) (389,145) (389,161) (389,179) 
(389,201) (389,488) 
(390,118) (390,163) (390,205) (390,228) (390,250) 
(390,358) (390,420) (390,493) 
(391,189) (391,200) (391,350) 
(392,107) (392,195) (392,265) (392,348) (392,386) 
(392,414) (392,464) 
(393,191) (393,287) (393,299) (393,342) 
(394,143) (394,162) (394,187) (394,266) (394,352) 
(394,409) (394,448) 
(395,39) (395,151) (395,195) (395,396) (395,449) 
(395,450) 
(396,31) (396,40) (396,112) (396,123) (396,157) 
(396,224) (396,289) (396,395) (396,421) (396,438) 
(397,128) (397,248) (397,295) (397,444) (397,496) 
(398, 2) (398,179) (398,204) (398,267) (398,329) 
(398,453) 
(399,73) (399,86) (399,259) (399,364) (399,463) 
(399,487) (399,498) 
(400,111) 
(401,212) (401,221) (401,327) (401,345) (401,382) 
(401,489) 
(402,14) (402,162) 
(403,25) (403,29) (403,51) (403,236) (403,249) 
(403,383) (403,384) (403,405) 
(404,35) (404,70) (404,135) (404,151) (404,161) 
(404,190) (404,267) (404,490) 
(405, 5) (405,21) (405,181) (405,215) (405,312) 
(405,403) (405,436) (405,481) 
(406,53) (406,120) (406,159) (406,188) (406,255) 
(406,308) (406,455) 
(407,344) (407,468) 
(408,50) (408,191) (408,223) (408,292) (408,499) 
(409, 8) (409,45) (409,174) (409,264) (409,321) 
(409,394) (409,420) 
(410,77) (410,331) (410,486) (410,490) 
(411,122) (411,140) (411,151) (411,153) (411,209) 
(411,316) (411,472) 
(412,52) (412,139) (412,209) (412,223) (412,256) 
(412,277) (412,358) (412,490) 
(413,115) (413,188) (413,381) 
(414,13) (414,16) (414,205) (414,217) (414,373) 
(414,392) (414,433) (414,482) 
(415,78) (415,157) (415,224) (415,278) (415,304) 
(415,307) (415,311) 
(416,105) 
(417,22) (417,271) (417,281) (417,290) (417,468) 
(418,148) (418,222) (418,365) (418,500) 
(419,76) (419,98) (419,138) (419,358) 
(420, 5) (420,81) (420,147) (420,190) (420,206) 
(420,255) (420,390) (420,409) (420,452) 
(421,24) (421,248) (421,252) (421,315) (421,396) 
(421,479) 
(422,63) (422,70) (422,78) (422,271) (422,280) 
(422,292) 
(423,12) (423,19) (423,26) (423,232) (423,249) 
(423,252) (423,310) (423,446) (423,470) 
(424,345) (424,441) 
(425,63) (425,169) (425,209) (425,322) (425,347) 
(426,203) (426,231) (426,320) (426,332) 
(427,13) (427,63) (427,97) (427,101) (427,141) 
(427,180) (427,252) 
(428,230) (428,231) (428,317) (428,324) 
(429,93) (429,205) (429,224) (429,329) 
(430,43) (430,70) (430,152) (430,433) (430,438) 
(430,447) 
(431,142) (431,172) (431,182) (431,474) 
(432,125) (432,136) (432,281) (432,319) 
(433,47) (433,54) (433,87) (433,99) (433,207) 
(433,258) (433,414) (433,430) (433,447) (433,466) 
(434,124) (434,306) (434,372) (434,385) 
(435, 3) (435,68) (435,81) (435,89) (435,169) 
(435,173) (435,320) 
(436,27) (436,145) (436,231) (436,239) (436,279) 
(436,364) (436,405) 
(437,26) (437,108) (437,167) (437,198) 
(438,102) (438,139) (438,180) (438,211) (438,266) 
(438,276) (438,396) (438,430) 
(439,21) (439,86) (439,107) (439,255) (439,351) 
(439,487) 
(440, 6) (440,45) (440,190) (440,310) (440,452) 
(440,465) (440,493) 
(441,185) (441,351) (441,424) 
(442,114) (442,194) (442,215) (442,386) (442,471) 
(443,307) (443,487) 
(444,25) (444,50) (444,103) (444,157) (444,273) 
(444,397) (444,491) 
(445, 5) (445,14) (445,29) (445,149) (445,222) 
(445,248) (445,310) 
(446,64) (446,128) (446,134) (446,145) (446,183) 
(446,294) (446,423) 
(447,85) (447,152) (447,217) (447,317) (447,362) 
(447,374) (447,430) (447,433) 
(448,23) (448,60) (448,62) (448,82) (448,162) 
(448,219) (448,316) (448,355) (448,381) (448,394) 
(449, 1) (449,47) (449,245) (449,250) (449,347) 
(449,395) (449,471) 
(450,216) (450,237) (450,294) (450,301) (450,374) 
(450,395) (450,488) (450,499) 
(451,116) (451,146) (451,272) (451,317) 
(452,283) (452,300) (452,364) (452,420) (452,440) 
(453,166) (453,319) (453,341) (453,348) (453,398) 
(453,487) 
(454,52) (454,172) (454,312) (454,467) 
(455,153) (455,338) (455,365) (455,406) 
(456,83) (456,116) (456,122) (456,143) (456,171) 
(456,199) (456,300) (456,338) 
(457,43) (457,248) (457,269) (457,282) (457,379) 
(457,492) (457,496) 
(458, 5) (458,18) (458,185) (458,199) (458,280) 
(458,286) (458,288) (458,339) (458,369) (458,378) 
(458,474) 
(459,110) 
(461,55) (461,210) (461,308) 
(462,134) (462,242) (462,469) (462,491) 
(463,55) (463,91) (463,151) (463,179) (463,223) 
(463,331) (463,399) 
(464,32) (464,78) (464,284) (464,346) (464,380) 
(464,392) 
(465,21) (465,23) (465,138) (465,272) (465,440) 
(466,162) (466,206) (466,433) 
(467,168) (467,323) (467,344) (467,345) (467,454) 
(467,473) 
(468, 9) (468,164) (468,210) (468,228) (468,300) 
(468,342) (468,407) (468,417) 
(469,44) (469,314) (469,462) 
(470,18) (470,102) (470,127) (470,143) (470,160) 
(470,236) (470,266) (470,423) (470,484) 
(471,32) (471,38) (471,126) (471,181) (471,442) 
(471,449) 
(472,25) (472,195) (472,411) 
(473,27) (473,201) (473,290) (473,467) 
(474,102) (474,112) (474,120) (474,152) (474,209) 
(474,291) (474,338) (474,356) (474,431) (474,458) 
(474,491) 
(475,34) (475,59) (475,125) (475,205) (475,253) 
(475,268) 
(476,14) (476,43) (476,166) 
(477,99) (477,345) (477,370) 
(478,133) (478,136) (478,230) (478,367) (478,493) 
(479,143) (479,178) (479,274) (479,351) (479,374) 
(479,421) 
(480,49) (480,83) (480,204) (480,228) 
(481,215) (481,235) (481,281) (481,350) (481,405) 
(482,108) (482,256) (482,262) (482,319) (482,346) 
(482,366) (482,414) 
(483, 2) (483, 3) (483,51) (483,113) (483,138) 
(483,180) (483,249) 
(484,92) (484,114) (484,175) (484,208) (484,470) 
(485, 3) (485,73) (485,115) (485,330) 
(486,91) (486,110) (486,127) (486,366) (486,410) 
(487, 4) (487,64) (487,338) (487,399) (487,439) 
(487,443) (487,453) 
(488,64) (488,88) (488,153) (488,184) (488,209) 
(488,214) (488,389) (488,450) 
(489,11) (489,61) (489,121) (489,218) (489,223) 
(489,401) 
(490, 1) (490,22) (490,76) (490,87) (490,103) 
(490,153) (490,187) (490,226) (490,272) (490,404) 
(490,410) (490,412) (490,500) 
(491,49) (491,131) (491,179) (491,327) (491,444) 
(491,462) (491,474) 
(492,22) (492,85) (492,129) (492,177) (492,227) 
(492,228) (492,457) 
(493,239) (493,302) (493,387) (493,390) (493,440) 
(493,478) 
(494,12) (494,13) (494,73) (494,125) (494,181) 
(494,363) (494,496) 
(495,36) (495,273) (495,365) (495,497) 
(496,87) (496,351) (496,397) (496,457) (496,494) 
(497,30) (497,63) (497,133) (497,181) (497,283) 
(497,299) (497,495) 
(498,16) (498,88) (498,281) (498,293) (498,355) 
(498,399) 
(499,20) (499,84) (499,85) (499,102) (499,290) 
(499,291) (499,377) (499,408) (499,450) (499,500) 
(500,18) (500,40) (500,81) (500,114) (500,136) 
(500,187) (500,418) (500,490) (500,499) 

