( 1,194) ( 2,124) ( 3,142) ( 4,135) ( 5,174) 
( 6,125) ( 7,107) ( 8,186) ( 9,172) (10,169) 
(11,121) (12,130) (13,167) (14,150) (15,166) 
(16,189) (17,146) (18,191) (19,109) (20,162) 
(21,114) (22,177) (23,134) (24,195) (25,141) 
(26,126) (27,193) (28,115) (29,122) (30,139) 
(31,113) (32,131) (33,178) (34,112) (35,151) 
(36,111) (37,140) (38,120) (39,127) (40,129) 
(41,161) (42,152) (43,165) (44,132) (45,159) 
(46,149) (47,137) (48,128) (49,133) (50,199) 
(51,155) (52,180) (53,187) (54,173) (55,190) 
(56,192) (57,185) (58,179) (59,119) (60,143) 
(61,101) (62,145) (63,176) (64,117) (65,118) 
(66,154) (67,168) (68,157) (69,116) (70,102) 
(71,197) (72,175) (73,123) (74,188) (75,103) 
(76,136) (77,147) (78,144) (79,182) (80,170) 
(81,160) (82,108) (83,138) (84,183) (85,106) 
(86,184) (87,163) (88,200) (89,181) (90,148) 
(91,171) (93,153) (94,164) (95,156) (96,104) 
(97,198) (98,110) (99,196) (100,158) 
