bwMinCostFlow 100 50 .05 0.00    0.26     100         0.00    0.26     100         0.09    0.17    4037         
bwMinCostFlow 100 100 .05 0.00    1.36     100         0.00    1.33     100         0.62    0.71    9449         
bwMinCostFlow 100 150 .05 0.01    3.43     100         0.00    3.41     100         1.46    1.95   14808         
bwMinCostFlow 100 200 .05 0.02    7.37     100         0.01    7.36     100         3.52    3.80   19994         
bwMinCostFlow 100 250 .05 0.02   12.71     100         0.00   12.69     100         6.71    5.97   25054         
bwMinCostFlow 10 300 .05 0.00    1.97      10         0.01    1.95      10         1.04    0.91    3009         
bwMinCostFlow 10 350 .05 0.00    2.97      10         0.00    2.97      10         1.50    1.47    3510         
bwMinCostFlow 10 400 .05 0.00    4.08      10         0.00    4.07      10         2.54    1.53    4010         
bwMinCostFlow 10 450 .05 0.00    5.39      10         0.00    5.39      10         3.20    2.19    4510         
bwMinCostFlow 10 500 .05 0.00    7.21      10         0.00    7.21      10         4.43    2.76    5010         
bwMinCostFlow 100 50 .1 0.00    0.31     100         0.00    0.31     100         0.08    0.23    4789         
bwMinCostFlow 100 100 .1 0.01    1.75     100         0.00    1.72     100         0.94    0.77   10052         
bwMinCostFlow 100 150 .1 0.01    4.68     100         0.01    4.61     100         2.58    2.02   15099         
bwMinCostFlow 100 200 .1 0.04   10.04     100         0.00   10.01     100         5.59    4.38   20099         
bwMinCostFlow 100 250 .1 0.03   17.56     100         0.00   17.46     100         10.75    6.67   25100         
bwMinCostFlow 10 300 .1 0.00    2.82      10         0.00    2.80      10         1.81    0.99    3010         
bwMinCostFlow 10 350 .1 0.00    4.23      10         0.00    4.22      10         2.63    1.59    3510         
bwMinCostFlow 10 400 .1 0.00    5.89      10         0.01    5.86      10         3.89    1.95    4010         
bwMinCostFlow 10 450 .1 0.01    8.28      10         0.00    8.27      10         5.88    2.38    4510         
bwMinCostFlow 10 500 .1 0.01   11.34      10         0.01   11.32      10         8.35    2.95    5010         
bwMinCostFlow 100 50 .2 0.00    0.38     100         0.00    0.38     100         0.17    0.21    5082         
bwMinCostFlow 100 100 .2 0.01    2.40     100         0.00    2.40     100         1.39    0.99   10100         
bwMinCostFlow 100 150 .2 0.00    6.86     100         0.00    6.82     100         4.53    2.28   15100         
bwMinCostFlow 100 200 .2 0.03   14.58     100         0.01   14.49     100         9.99    4.46   20100         
bwMinCostFlow 100 250 .2 0.09   26.61     100         0.03   26.47     100         18.83    7.57   25100         
bwMinCostFlow 10 300 .2 0.01    4.33      10         0.00    4.32      10         3.23    1.08    3010         
bwMinCostFlow 10 350 .2 0.02    6.93      10         0.00    6.91      10         5.49    1.42    3510         
bwMinCostFlow 10 400 .2 0.01   10.50      10         0.00   10.47      10         8.37    2.06    4010         
bwMinCostFlow 10 450 .2 0.03   19.75      10         0.00   19.69      10         17.09    2.59    4510         
bwMinCostFlow 10 500 .2 0.03   32.93      10         0.00   32.88      10         29.42    3.43    5010         
bwMinCostFlow 100 50 .4 0.00    0.57     100         0.00    0.56     100         0.33    0.23    5100         
bwMinCostFlow 100 100 .4 0.02    3.45     100         0.00    3.39     100         2.40    0.97   10100         
bwMinCostFlow 100 150 .4 0.06   11.05     100         0.00   10.94     100         8.71    2.18   15100         
bwMinCostFlow 100 200 .4 0.10   23.86     100         0.00   23.70     100         18.94    4.72   20100         
bwMinCostFlow 100 250 .4 0.14   48.33     100         0.01   48.12     100         40.30    7.66   25100         
bwMinCostFlow 10 300 .4 0.02    9.36      10         0.00    9.33      10         8.10    1.20    3010         
bwMinCostFlow 10 350 .4 0.04   20.64      10         0.00   20.59      10         18.99    1.52    3510         
bwMinCostFlow 10 400 .4 0.05   36.86      10         0.00   36.76      10         34.69    1.99    4010         
bwMinCostFlow 10 450 .4 0.04   57.56      10         0.00   57.44      10         54.82    2.54    4510         
bwMinCostFlow 10 500 .4 0.10   88.01      10         0.00   87.83      10         84.04    3.71    5010         
