30 213
( 1,24, 2)  ( 1,30, 2)  ( 1,27, 2)  ( 1,13, 3)  ( 1, 7, 3)  
( 1, 5, 4)  ( 1,25, 5)  ( 1,10, 5)  ( 1, 6, 6)  ( 1,12, 6)  
( 1,28, 9)  ( 1,11, 9)  ( 1, 3,10)  
( 2,29, 1)  ( 2,27, 1)  ( 2,12, 3)  ( 2,22, 4)  ( 2,28, 4)  
( 2,13, 4)  ( 2, 3, 4)  ( 2,19, 5)  ( 2, 5, 5)  ( 2,30, 6)  
( 2,25, 6)  ( 2, 8, 6)  ( 2,23, 6)  ( 2, 9, 8)  ( 2,11, 8)  
( 3,17, 1)  ( 3,24, 1)  ( 3,19, 3)  ( 3,23, 4)  ( 3, 2, 4)  
( 3, 6, 6)  ( 3,16, 6)  ( 3,29, 8)  ( 3,20, 9)  ( 3, 5, 9)  
( 3,12,10)  ( 3, 1,10)  ( 3,15,10)  ( 3,25,10)  
( 4, 6, 1)  ( 4,19, 4)  ( 4,13, 4)  ( 4,21, 5)  ( 4,28, 6)  
( 4,10, 6)  ( 4,25, 7)  ( 4,24, 8)  ( 4,26, 8)  ( 4,17, 8)  
( 4,12, 9)  ( 4, 7,10)  ( 4, 8,10)  
( 5,23, 1)  ( 5,22, 2)  ( 5,10, 3)  ( 5, 1, 4)  ( 5,30, 4)  
( 5,27, 5)  ( 5, 2, 5)  ( 5,18, 6)  ( 5,11, 7)  ( 5,19, 7)  
( 5, 6, 8)  ( 5,29, 8)  ( 5, 3, 9)  
( 6,17, 1)  ( 6, 4, 1)  ( 6,15, 2)  ( 6,28, 2)  ( 6, 7, 2)  
( 6,14, 3)  ( 6,23, 3)  ( 6,29, 3)  ( 6,25, 5)  ( 6,20, 5)  
( 6, 1, 6)  ( 6,21, 6)  ( 6, 3, 6)  ( 6,19, 6)  ( 6, 8, 7)  
( 6, 9, 8)  ( 6, 5, 8)  ( 6,13,10)  
( 7,23, 1)  ( 7, 6, 2)  ( 7,24, 3)  ( 7, 1, 3)  ( 7,22, 7)  
( 7, 8, 8)  ( 7,30, 8)  ( 7,18, 8)  ( 7,17, 9)  ( 7,19,10)  
( 7,12,10)  ( 7,14,10)  ( 7, 4,10)  
( 8,18, 1)  ( 8,12, 1)  ( 8,25, 1)  ( 8,28, 2)  ( 8,15, 3)  
( 8,10, 4)  ( 8,16, 4)  ( 8,27, 5)  ( 8, 2, 6)  ( 8,17, 7)  
( 8, 6, 7)  ( 8, 7, 8)  ( 8,13, 8)  ( 8,26, 9)  ( 8,21, 9)  
( 8, 4,10)  
( 9,19, 1)  ( 9,20, 1)  ( 9,12, 1)  ( 9,23, 1)  ( 9,16, 2)  
( 9,21, 3)  ( 9,30, 4)  ( 9,22, 4)  ( 9,10, 5)  ( 9,17, 5)  
( 9,11, 6)  ( 9,15, 7)  ( 9, 6, 8)  ( 9, 2, 8)  
(10,25, 1)  (10,22, 1)  (10,19, 3)  (10,26, 3)  (10,27, 3)  
(10, 5, 3)  (10, 8, 4)  (10,30, 4)  (10,23, 4)  (10,13, 4)  
(10, 9, 5)  (10, 1, 5)  (10,24, 6)  (10, 4, 6)  (10,14, 6)  
(10,15, 6)  (10,16, 7)  (10,20, 9)  (10,12, 9)  
(11,17, 1)  (11,20, 6)  (11,26, 6)  (11,21, 6)  (11, 9, 6)  
(11, 5, 7)  (11,24, 7)  (11, 2, 8)  (11,15, 9)  (11, 1, 9)  
(11,12,10)  (11,14,10)  
(12, 8, 1)  (12, 9, 1)  (12,26, 1)  (12,24, 1)  (12,18, 2)  
(12, 2, 3)  (12,20, 5)  (12,30, 5)  (12,25, 6)  (12, 1, 6)  
(12,29, 8)  (12, 4, 9)  (12,27, 9)  (12,10, 9)  (12, 3,10)  
(12, 7,10)  (12,11,10)  
(13,17, 3)  (13, 1, 3)  (13,21, 4)  (13,19, 4)  (13, 2, 4)  
(13,10, 4)  (13, 4, 4)  (13,23, 8)  (13,16, 8)  (13, 8, 8)  
(13, 6,10)  
(14,24, 1)  (14, 6, 3)  (14,28, 3)  (14,15, 3)  (14,22, 3)  
(14,29, 4)  (14,26, 4)  (14,27, 5)  (14,10, 6)  (14,25, 8)  
(14,30, 9)  (14, 7,10)  (14,11,10)  (14,23,10)  
(15,30, 1)  (15, 6, 2)  (15,27, 3)  (15, 8, 3)  (15,14, 3)  
(15,26, 4)  (15,16, 5)  (15,10, 6)  (15,19, 7)  (15, 9, 7)  
(15,11, 9)  (15,21, 9)  (15, 3,10)  (15,24,10)  
(16,18, 2)  (16,17, 2)  (16, 9, 2)  (16, 8, 4)  (16,19, 5)  
(16,15, 5)  (16, 3, 6)  (16,27, 7)  (16,10, 7)  (16,22, 8)  
(16,13, 8)  (16,23, 9)  (16,29, 9)  (16,28, 9)  
(17, 6, 1)  (17, 3, 1)  (17,11, 1)  (17,16, 2)  (17,23, 2)  
(17,13, 3)  (17, 9, 5)  (17,30, 6)  (17,27, 7)  (17, 8, 7)  
(17,21, 8)  (17, 4, 8)  (17, 7, 9)  
(18, 8, 1)  (18,16, 2)  (18,12, 2)  (18,30, 2)  (18,20, 3)  
(18,24, 4)  (18,28, 4)  (18,22, 4)  (18,29, 4)  (18,23, 5)  
(18, 5, 6)  (18,19, 8)  (18, 7, 8)  (18,26,10)  
(19, 9, 1)  (19,29, 1)  (19,22, 1)  (19,10, 3)  (19, 3, 3)  
(19,13, 4)  (19, 4, 4)  (19, 2, 5)  (19,16, 5)  (19, 6, 6)  
(19,26, 6)  (19,23, 7)  (19,15, 7)  (19,28, 7)  (19, 5, 7)  
(19,18, 8)  (19,24, 8)  (19,30, 9)  (19, 7,10)  (19,21,10)  
(20, 9, 1)  (20,27, 1)  (20,18, 3)  (20,26, 3)  (20,22, 4)  
(20,12, 5)  (20, 6, 5)  (20,11, 6)  (20,23, 8)  (20,10, 9)  
(20, 3, 9)  
(21, 9, 3)  (21,13, 4)  (21, 4, 5)  (21,23, 5)  (21,11, 6)  
(21, 6, 6)  (21,17, 8)  (21,28, 8)  (21,15, 9)  (21, 8, 9)  
(21,24,10)  (21,19,10)  
(22,19, 1)  (22,10, 1)  (22, 5, 2)  (22,14, 3)  (22, 2, 4)  
(22, 9, 4)  (22,20, 4)  (22,18, 4)  (22, 7, 7)  (22,16, 8)  
(22,30, 8)  (22,23, 9)  (22,26,10)  
(23, 7, 1)  (23, 5, 1)  (23, 9, 1)  (23,17, 2)  (23, 6, 3)  
(23, 3, 4)  (23,10, 4)  (23,18, 5)  (23,21, 5)  (23,29, 6)  
(23, 2, 6)  (23,19, 7)  (23,20, 8)  (23,13, 8)  (23,22, 9)  
(23,16, 9)  (23,24,10)  (23,14,10)  
(24, 3, 1)  (24,14, 1)  (24,12, 1)  (24, 1, 2)  (24, 7, 3)  
(24,30, 4)  (24,18, 4)  (24,10, 6)  (24,29, 7)  (24,11, 7)  
(24,19, 8)  (24, 4, 8)  (24,23,10)  (24,15,10)  (24,21,10)  
(25, 8, 1)  (25,10, 1)  (25,27, 3)  (25, 1, 5)  (25, 6, 5)  
(25,12, 6)  (25, 2, 6)  (25,29, 7)  (25, 4, 7)  (25,14, 8)  
(25, 3,10)  
(26,12, 1)  (26,10, 3)  (26,20, 3)  (26,15, 4)  (26,14, 4)  
(26,27, 5)  (26,11, 6)  (26,19, 6)  (26,28, 7)  (26, 4, 8)  
(26, 8, 9)  (26,22,10)  (26,18,10)  
(27, 2, 1)  (27,20, 1)  (27, 1, 2)  (27,15, 3)  (27,10, 3)  
(27,25, 3)  (27, 5, 5)  (27,14, 5)  (27,26, 5)  (27, 8, 5)  
(27,16, 7)  (27,30, 7)  (27,17, 7)  (27,12, 9)  
(28, 6, 2)  (28, 8, 2)  (28,14, 3)  (28, 2, 4)  (28,18, 4)  
(28, 4, 6)  (28,26, 7)  (28,19, 7)  (28,21, 8)  (28, 1, 9)  
(28,16, 9)  (28,30,10)  
(29, 2, 1)  (29,19, 1)  (29, 6, 3)  (29,14, 4)  (29,18, 4)  
(29,23, 6)  (29,25, 7)  (29,24, 7)  (29, 3, 8)  (29, 5, 8)  
(29,12, 8)  (29,30, 9)  (29,16, 9)  
(30,15, 1)  (30, 1, 2)  (30,18, 2)  (30,24, 4)  (30,10, 4)  
(30, 9, 4)  (30, 5, 4)  (30,12, 5)  (30, 2, 6)  (30,17, 6)  
(30,27, 7)  (30,22, 8)  (30, 7, 8)  (30,29, 9)  (30,19, 9)  
(30,14, 9)  (30,28,10)  


30 29
( 1,24, 2)  
( 2,27, 1)  ( 2,29, 1)  
( 3,24, 1)  ( 3,17, 1)  
( 4, 6, 1)  
( 5,23, 1)  
( 6,28, 2)  ( 6,15, 2)  ( 6, 4, 1)  ( 6,17, 1)  
( 7,23, 1)  
( 8,25, 1)  ( 8,12, 1)  ( 8,18, 1)  
( 9,21, 3)  ( 9,23, 1)  ( 9,12, 1)  ( 9,20, 1)  ( 9,19, 1)  
(10,25, 1)  
(11,17, 1)  
(12,24, 1)  (12,26, 1)  (12, 9, 1)  (12, 8, 1)  
(13,17, 3)  
(14,24, 1)  
(15, 6, 2)  (15,30, 1)  
(16,18, 2)  
(17,13, 3)  (17,11, 1)  (17, 3, 1)  (17, 6, 1)  
(18,16, 2)  (18, 8, 1)  
(19,22, 1)  (19,29, 1)  (19, 9, 1)  
(20, 9, 1)  
(21, 9, 3)  
(22,19, 1)  
(23, 9, 1)  (23, 5, 1)  (23, 7, 1)  
(24, 1, 2)  (24,12, 1)  (24,14, 1)  (24, 3, 1)  
(25,10, 1)  (25, 8, 1)  
(26,12, 1)  
(27, 2, 1)  
(28, 6, 2)  
(29,19, 1)  (29, 2, 1)  
(30,15, 1)  

