bsAugPath
100 100 .05 0.00    0.30     100 0.21    0.09    9996
100 200 .05 0.00    2.09     100 1.35    0.74   20097
100 300 .05 0.00    7.90     100 5.21    2.67   30100
100 400 .05 0.00   19.12     100 12.65    6.47   40100        
100 500 .05 0.01   36.69     100 23.54   13.12   50100         
10 600 .05  0.00    6.63     10   4.24    2.39    6010 
10 700 .05 0.00   10.29      10   6.50    3.78    7010         
10 800 .05 0.00   16.10      10  10.04    6.06    8010         
10 900 .05 0.00   23.52      10  15.39    8.09    9010         
10 1000 .05 0.00   35.84     10  23.79   12.03   10010         
100 100 .1 0.00    0.54     100   0.37    0.17   10099         
100 200 .1 0.00    4.49     100   3.01    1.48   20100         
100 300 .1 0.00   15.73     100   9.99    5.73   30100         
100 400 .1 0.00   37.84     100  24.01   13.81   40100         
100 500 .1 0.00   73.75     100  46.86   26.87   50100       
10 600 .1 0.00   12.93      10   8.00    4.92    6010         
10 700 .1 0.00   23.76      10    15.68    8.07    7010        
10 800 .1 0.00   39.49      10   27.30   12.19    8010         
10 900 .1 0.01   60.98      10   42.75   18.22    9010         
10 1000 .1 0.00   90.45      10   64.57   25.86   10010       
100 100 .2 0.00    1.21     100   0.73    0.47   10100        
100 200 .2 0.00    8.91     100   5.50    3.41   20100        
100 300 .2 0.01   36.38     100   22.64   13.72   30100        
100 400 .2 0.00   82.93     100   52.57   30.32   40100         
100 500 .2 0.02  227.47     100   153.97   73.44   50100        
10 600 .2 0.00   40.94      10   28.35   12.56    6010        
10 700 .2 0.01   65.25      10   44.85   20.39    7010        
10 800 .2 0.01  113.20      10   80.06   33.12    8010        
10 900 .2 0.00  153.83      10   108.28   45.55    9010        
10 1000 .2 0.00  181.32      10  127.33   53.94   10010        
100 100 .5 0.01    2.90     100   1.87    1.02   10100        
100 200 .5 0.00   22.25     100  13.48    8.77   20100        
100 300 .5 0.00   86.04     100  55.69   30.33   30100        
100 400 .5 0.00  247.99     100 171.51   76.42   40100        
100 500 .5 0.00  508.52     100 352.03  156.40   50100        
10 600 .5 0.01   91.41      10   63.18   28.22    6010        
10 700 .5 0.00  148.12      10  101.71   46.39    7010        
10 800 .5 0.00  228.19      10  154.21   73.97    8010        
10 900 .5 0.00  333.42      10  222.27  111.12    9010        
10 1000 .5 0.01  468.86      10 308.13  160.70   10010        




1000 100 .05 0.01    0.32    1000         0.00    0.26    1000         0.05    0.02  103253+871812  
1000 200 .05 0.09    0.96    1000         0.00    0.71    1000         0.22    0.00  203128+2017943
1000 300 .05 0.26    1.63    1000         0.00    1.15    1000         0.38    0.05  302819+3648575
1000 400 .05 0.49    2.57    1000         0.01    1.70    1000         0.73    0.05  402606+5732148 
1000 500 .05 0.55    3.54    1000         0.00    2.34    1000         0.91    0.04  502470+8353032 
100 600 .05 0.12    0.46     100         0.00    0.28     100         0.13    0.00   60232+1141948 
100 700 .05 0.17    0.63     100         0.00    0.35     100         0.10    0.01   70225+1504122 
100 800 .05 0.14    0.94     100         0.00    0.65     100         0.25    0.01   80216+1913112 
100 900 .05 0.22    1.41     100         0.01    0.90     100         0.39    0.02   90212+2375362 
100 1000 .05 0.32    1.85     100         0.00    1.31     100         0.59    0.05  100211+2894658 
1000 100 .1 0.02    0.08     267         0.00    0.05     267         0.03    0.00   27426+251235  
1000 200 .1 0.25    1.14    1000         0.00    0.76    1000         0.24    0.02  202231+2770300 
1000 300 .1 0.31    2.53    1000         0.00    1.59    1000         0.53    0.03  302065+5608773 
1000 400 .1 0.87    4.00    1000         0.00    2.42    1000         0.85    0.03  402035+9482728 
1000 500 .1 1.31    6.01    1000         0.00    3.96    1000         1.64    0.08  502011+14326198 
100 600 .1 0.19    0.89     100         0.00    0.55     100         0.31    0.01   60200+2013697 
100 700 .1 0.35    1.67     100         0.00    1.17     100         0.60    0.03   70200+2708505 
100 800 .1 0.42    2.75     100         0.00    1.66     100         0.90    0.01   80200+3489354 
100 900 .1 0.39    3.91     100         0.00    2.32     100         1.23    0.05   90200+4376122 
100 1000 .1 0.60    5.04     100         0.00    2.95     100         1.42    0.03  100200+5353636 
1000 100 .2 0.07    0.56    1000         0.01    0.36    1000         0.15    0.02  102029+1354731 
1000 200 .2 0.43    1.83    1000         0.01    1.07    1000         0.55    0.01  201993+4677205 
1000 300 .2 0.77    4.28    1000         0.00    2.58    1000         1.11    0.02  301997+10002864 
1000 400 .2 1.58    7.89    1000         0.00    4.97    1000         2.24    0.08  401995+17338114 
1000 500 .2 2.78   17.71    1000         0.01   11.54    1000         5.12    0.09  501996+26642594 
100 600 .2 0.49    3.03     100         0.00    1.90     100         0.89    0.01   60200+3803407 
100 700 .2 0.63    4.76     100         0.00    2.85     100         1.38    0.04   70197+5127593 
100 800 .2 0.80    6.56     100         0.00    3.87     100         1.77    0.04   80200+6662640 
100 900 .2 0.91    8.65     100         0.00    5.03     100         2.45    0.04   90200+8396061 
100 1000 .2 1.42   10.63     100        0.00    6.23     100         2.99    0.01  100200+10324684
1000 100 .5 0.18    1.03    1000         0.00    0.58    1000         0.24    0.00  101714+2782944 
1000 200 .5 0.83    4.46    1000         0.00    2.53    1000         1.14    0.04  201715+10564050 
1000 300 .5 2.18   14.10    1000         0.00    8.59    1000         4.10    0.11  301713+23347081 
1000 400 .5 4.47   32.52    1000         0.02   18.63    1000         8.56    0.11  401719+41130913 
1000 500 .5 7.50   53.50    1000         0.00   30.73    1000         14.38    0.07  501723+63909872 
100 600 .5 1.10    7.75     100         0.01    4.38     100         2.03    0.05   60168+9167877 
100 700 .5 1.33   11.24     100         0.00    6.48     100         3.17    0.01   70177+12456697 
100 800 .5 1.96   14.18     100         0.00    8.08     100         3.76    0.06   80172+16227528 
100 900 .5 2.31   17.99     100         0.00   10.00     100         4.85    0.05   90169+20500803 
100 1000 .5 2.55   21.61     100         0.00   11.89     100         5.75    0.04  100165+25276993 
