100 1751
( 1, 2,48)  ( 1, 3,303)  ( 1, 7,498)  ( 1,14,149)  ( 1,18,182)  
( 1,19,19)  ( 1,20,59)  ( 1,24,251)  
( 2, 1,263)  ( 2, 3,498)  ( 2, 4,374)  ( 2,13,159)  ( 2,15,266)  
( 2,17,12)  ( 2,21,469)  ( 2,23,410)  ( 2,24,26)  ( 2,26,94)  
( 3, 1,23)  ( 3, 8,279)  ( 3,10,27)  ( 3,14,242)  ( 3,20,38)  
( 3,21,18)  ( 3,28,184)  
( 4, 7,449)  ( 4,10,257)  ( 4,11,436)  ( 4,19,260)  ( 4,22,243)  
( 4,25,245)  ( 4,26,455)  ( 4,28,354)  
( 5, 2,379)  ( 5, 3,95)  ( 5, 4,217)  ( 5, 7,448)  ( 5, 8,220)  
( 5,11,206)  ( 5,12,221)  ( 5,15,40)  ( 5,18,355)  ( 5,20,196)  
( 5,21,314)  ( 5,24,148)  ( 5,26,15)  ( 5,27,452)  ( 5,28,408)  
( 5,30,494)  
( 6, 2,394)  ( 6, 3,411)  ( 6, 4,46)  ( 6, 8,171)  ( 6,10,42)  
( 6,11,86)  ( 6,12,363)  ( 6,18,51)  ( 6,20,302)  ( 6,25,244)  
( 6,26,417)  
( 7, 1,114)  ( 7, 2,199)  ( 7, 6,114)  ( 7, 9, 8)  ( 7,11,145)  
( 7,13,473)  ( 7,14,385)  ( 7,15,55)  ( 7,16,283)  ( 7,19,257)  
( 7,20,74)  ( 7,25,451)  ( 7,29,166)  
( 8, 1,82)  ( 8, 6,357)  ( 8,14,302)  ( 8,15,181)  ( 8,16,50)  
( 8,21,309)  ( 8,29,21)  ( 8,30,66)  ( 8,33,172)  
( 9, 6,201)  ( 9, 7,83)  ( 9, 8,75)  ( 9,10,198)  ( 9,14,483)  
( 9,17,131)  ( 9,21,120)  ( 9,23,495)  ( 9,27,136)  ( 9,28,298)  
( 9,31,110)  ( 9,33,129)  
(10, 2,442)  (10, 4,307)  (10, 5,358)  (10,12,187)  (10,13,385)  
(10,15,142)  (10,16,120)  (10,17,93)  (10,19,52)  (10,23,318)  
(10,27,128)  
(11, 1,427)  (11, 4,326)  (11, 5,16)  (11, 6,415)  (11, 7,482)  
(11,13,85)  (11,17,322)  (11,19,320)  (11,20,342)  (11,21,282)  
(11,23,79)  (11,24,206)  (11,26,81)  (11,27,171)  (11,30,471)  
(11,31,135)  (11,36,459)  
(12, 1,409)  (12, 2,324)  (12, 3,42)  (12, 4,475)  (12, 7,404)  
(12, 9,330)  (12,11,80)  (12,18,289)  (12,19, 6)  (12,20,488)  
(12,21,257)  (12,33,42)  (12,35,291)  
(13, 1,249)  (13, 2,446)  (13, 5,415)  (13, 6,39)  (13, 7,352)  
(13,14, 1)  (13,16,296)  (13,17,333)  (13,20,236)  (13,21,443)  
(13,22,355)  (13,26,322)  (13,30,80)  (13,33,332)  (13,34,34)  
(13,36,367)  
(14, 1,17)  (14, 2,117)  (14, 5,237)  (14, 6,317)  (14, 8,217)  
(14, 9,499)  (14,12,147)  (14,13,49)  (14,15,284)  (14,19,189)  
(14,25,220)  (14,28,463)  (14,33,387)  (14,34,455)  
(15, 1,303)  (15, 5,397)  (15, 7,73)  (15, 8,135)  (15, 9,83)  
(15,10,205)  (15,11,420)  (15,13,407)  (15,19,420)  (15,22,468)  
(15,23,351)  (15,24,123)  (15,25,486)  (15,27,56)  (15,30,10)  
(15,35,490)  (15,36,316)  (15,37,347)  (15,39,291)  
(16, 2,390)  (16, 3,107)  (16, 8,32)  (16,12,270)  (16,15,179)  
(16,17,33)  (16,23,39)  (16,24,179)  (16,28,414)  (16,33,458)  
(16,34,401)  (16,35,197)  (16,36,102)  (16,37,158)  (16,40,26)  
(16,41,28)  
(17, 6,83)  (17, 7,50)  (17, 8,378)  (17,13,369)  (17,14, 9)  
(17,16,270)  (17,20,40)  (17,23,142)  (17,24,242)  (17,26,190)  
(17,27, 4)  (17,29,229)  (17,31,178)  (17,32,346)  (17,42,209)  
(18, 2,449)  (18, 4,136)  (18, 7,162)  (18, 8,310)  (18,10,487)  
(18,15,77)  (18,17,366)  (18,19,110)  (18,20,78)  (18,22,77)  
(18,23,85)  (18,25,492)  (18,26,300)  (18,28,215)  (18,29,473)  
(18,33,457)  (18,36,133)  (18,37,67)  (18,42,339)  
(19, 3,411)  (19, 4,17)  (19, 7,205)  (19,10,386)  (19,13,130)  
(19,14,167)  (19,16,271)  (19,17,451)  (19,18,18)  (19,22,274)  
(19,23,239)  (19,26,156)  (19,27, 5)  (19,30,256)  (19,34,201)  
(19,38, 0)  (19,40,390)  (19,42,462)  
(20, 1,51)  (20, 2,94)  (20, 5,24)  (20, 6,437)  (20, 7,137)  
(20, 8,254)  (20, 9,222)  (20,13,364)  (20,14,162)  (20,15,204)  
(20,16,238)  (20,22,357)  (20,26,82)  (20,27,318)  (20,28,182)  
(20,30,342)  (20,36,67)  (20,38,272)  (20,39,243)  (20,42,62)  
(21, 2,441)  (21, 4,252)  (21, 5,357)  (21,11,285)  (21,12,292)  
(21,13,101)  (21,16,373)  (21,20,199)  (21,22,489)  (21,25,178)  
(21,27,294)  (21,29,390)  (21,30,170)  (21,35,58)  (21,36,69)  
(21,38,419)  (21,40,49)  (21,42,338)  (21,46,500)  
(22, 1,15)  (22, 3,365)  (22, 5,381)  (22, 6,253)  (22, 8,51)  
(22, 9,10)  (22,11,93)  (22,13,264)  (22,14,172)  (22,16,210)  
(22,17,211)  (22,25,439)  (22,29,283)  (22,30,266)  (22,32,167)  
(22,35,43)  (22,36,378)  (22,39,286)  (22,43,430)  
(23, 4,476)  (23, 5,113)  (23, 7,124)  (23, 8,468)  (23,13,265)  
(23,14,192)  (23,15,184)  (23,19,160)  (23,29,436)  (23,31,310)  
(23,34,266)  (23,37,255)  (23,41,277)  (23,42,77)  (23,45,406)  
(23,47,429)  
(24, 4,491)  (24, 5,44)  (24, 8,193)  (24,10,381)  (24,11,30)  
(24,12,384)  (24,14,51)  (24,15,373)  (24,18,222)  (24,19,316)  
(24,20,477)  (24,28,264)  (24,30,298)  (24,34,339)  (24,37,444)  
(24,40,464)  (24,43,305)  (24,44,281)  (24,45,302)  (24,46,391)  
(24,48,42)  (24,49,411)  
(25, 3,461)  (25, 4,422)  (25, 5,244)  (25, 6,476)  (25, 8,155)  
(25,10,133)  (25,12,90)  (25,15,261)  (25,16,69)  (25,18,403)  
(25,20,384)  (25,30,42)  (25,32,399)  (25,39,481)  (25,42,285)  
(25,44,262)  
(26, 2,284)  (26, 5,239)  (26, 6,39)  (26, 7, 3)  (26, 8,211)  
(26, 9,24)  (26,11,191)  (26,12,321)  (26,13,77)  (26,14,356)  
(26,16,493)  (26,19, 7)  (26,21,236)  (26,24,108)  (26,29,315)  
(26,31,354)  (26,35,249)  (26,36,298)  (26,38,109)  (26,39,99)  
(26,40,240)  (26,43,141)  (26,44,138)  (26,48,156)  (26,51,83)  
(27, 2,339)  (27, 4,149)  (27, 5,87)  (27, 6,484)  (27,10,319)  
(27,12,11)  (27,13,490)  (27,17,128)  (27,18,226)  (27,19,224)  
(27,26,83)  (27,29,162)  (27,30,297)  (27,31,13)  (27,32,83)  
(27,33,465)  (27,34,490)  (27,38,443)  (27,39,269)  (27,40,57)  
(27,41,358)  (27,43,500)  (27,46, 8)  (27,50,200)  
(28, 3,376)  (28, 4,383)  (28, 5,90)  (28, 6,236)  (28, 8,68)  
(28,11,238)  (28,13,327)  (28,15,390)  (28,16,283)  (28,22,381)  
(28,27,186)  (28,31,67)  (28,32,461)  (28,34,260)  (28,39,174)  
(28,40,283)  (28,41,236)  (28,42,438)  (28,43,203)  (28,44,359)  
(28,46,77)  (28,47,138)  (28,48,149)  (28,49,199)  (28,52,377)  
(29, 4,13)  (29, 6,30)  (29, 9,20)  (29,11,409)  (29,16,273)  
(29,20,210)  (29,21,499)  (29,23,312)  (29,30,150)  (29,32,192)  
(29,33,407)  (29,36,144)  (29,37,326)  (29,41,79)  (29,42,418)  
(29,43,463)  (29,44,320)  (29,46,252)  (29,49,20)  
(30, 7,283)  (30, 8,64)  (30,14,58)  (30,15,317)  (30,16,19)  
(30,17,377)  (30,19,116)  (30,22,383)  (30,23,31)  (30,25,497)  
(30,29,390)  (30,33,367)  (30,34,53)  (30,35,270)  (30,38,290)  
(30,41,349)  (30,43,271)  (30,46,230)  (30,52,193)  (30,54,159)  
(31, 6,151)  (31, 9,244)  (31,13,437)  (31,15,253)  (31,18,256)  
(31,20,219)  (31,21, 1)  (31,22,498)  (31,28,93)  (31,32,300)  
(31,36,321)  (31,38,289)  (31,43,210)  (31,44,211)  (31,45,385)  
(31,47,267)  (31,51,494)  
(32, 8,269)  (32, 9,19)  (32,11,181)  (32,12,215)  (32,13,308)  
(32,17,295)  (32,18,22)  (32,20,447)  (32,22,265)  (32,24,224)  
(32,30,474)  (32,31,18)  (32,34,14)  (32,35,233)  (32,37,396)  
(32,43,22)  (32,45,85)  (32,46,369)  (32,48,254)  (32,50,124)  
(32,51,339)  
(33, 8,283)  (33, 9,417)  (33,10,475)  (33,14,101)  (33,17,339)  
(33,19,29)  (33,21,380)  (33,22,147)  (33,25,273)  (33,30,155)  
(33,34,194)  (33,35,113)  (33,41,119)  (33,42,407)  (33,44,255)  
(33,46,487)  (33,47,304)  (33,48,440)  (33,53,127)  (33,56,276)  
(33,57,410)  
(34, 9,287)  (34,11,252)  (34,12,50)  (34,13,267)  (34,16,94)  
(34,17,207)  (34,20,208)  (34,23,442)  (34,26,446)  (34,27,398)  
(34,29,379)  (34,33,343)  (34,35,222)  (34,36,289)  (34,41,27)  
(34,44,165)  (34,46,153)  (34,50,161)  (34,51,238)  (34,56,147)  
(34,57,208)  (34,59,27)  
(35,11,439)  (35,12,452)  (35,15,494)  (35,16, 5)  (35,17,392)  
(35,21,305)  (35,22,91)  (35,23, 1)  (35,27,93)  (35,30,144)  
(35,33,266)  (35,38,267)  (35,41,122)  (35,42,280)  (35,44,120)  
(35,47,81)  (35,48,355)  (35,49,197)  (35,50,416)  (35,55,323)  
(35,57,84)  
(36,13,12)  (36,17,46)  (36,18,404)  (36,19,170)  (36,20,134)  
(36,25,437)  (36,27,335)  (36,28, 5)  (36,30,25)  (36,32,312)  
(36,33,263)  (36,34,426)  (36,35,385)  (36,37,102)  (36,38,60)  
(36,39,295)  (36,42,450)  (36,43, 8)  (36,48,317)  (36,50,21)  
(36,51,108)  (36,53,117)  (36,57, 4)  (36,59,37)  
(37,13,12)  (37,14,121)  (37,16,363)  (37,20,136)  (37,22,107)  
(37,26,186)  (37,28,213)  (37,34,460)  (37,38,347)  (37,44,217)  
(37,50,205)  (37,52,113)  (37,53,337)  (37,55,409)  (37,56,23)  
(37,57,380)  (37,59,182)  (37,60,302)  
(38,15,428)  (38,16,366)  (38,19,297)  (38,20,397)  (38,21,184)  
(38,25,349)  (38,29,405)  (38,30,58)  (38,31,323)  (38,32,313)  
(38,33,282)  (38,35,457)  (38,39,149)  (38,40,371)  (38,41,204)  
(38,42,124)  (38,43,430)  (38,44,287)  (38,48,126)  (38,49,438)  
(38,52,385)  (38,54,219)  (38,56,101)  (38,57,162)  (38,59,253)  
(38,60,256)  (38,61,52)  (38,62,239)  
(39,14,356)  (39,18,312)  (39,22,268)  (39,24,349)  (39,26,81)  
(39,27,123)  (39,34,39)  (39,35, 0)  (39,37,402)  (39,46,343)  
(39,50,151)  (39,51,98)  (39,53,275)  (39,55,244)  (39,58,97)  
(39,62,115)  (39,63,163)  (39,64,255)  
(40,17,252)  (40,19,231)  (40,22,154)  (40,23,304)  (40,26,91)  
(40,27,242)  (40,31,48)  (40,33,419)  (40,34,342)  (40,37,411)  
(40,38,61)  (40,41,413)  (40,45,322)  (40,46,65)  (40,47,25)  
(40,51,74)  (40,52,171)  (40,56,465)  (40,57,246)  (40,59,25)  
(40,60,107)  
(41,16,97)  (41,17,382)  (41,18,22)  (41,19,177)  (41,20,209)  
(41,21,243)  (41,23,327)  (41,25,52)  (41,30,337)  (41,32,224)  
(41,35,411)  (41,40,111)  (41,44,223)  (41,45,356)  (41,46,402)  
(41,52,173)  (41,53,229)  (41,56,129)  (41,60,283)  (41,61,478)  
(41,62,202)  (41,63,114)  (41,66,16)  
(42,17, 9)  (42,23,491)  (42,24,147)  (42,25,258)  (42,27,324)  
(42,32,160)  (42,33,21)  (42,34,72)  (42,44,178)  (42,50,251)  
(42,52,216)  (42,53,248)  (42,54,192)  (42,56,425)  (42,57,126)  
(42,58,465)  (42,59,258)  (42,61, 7)  (42,62,389)  (42,64,429)  
(42,65,465)  
(43,18,218)  (43,21,157)  (43,23,70)  (43,24,451)  (43,28,129)  
(43,29,24)  (43,31,363)  (43,37,218)  (43,39,259)  (43,41,28)  
(43,44,159)  (43,48,348)  (43,49,177)  (43,52,302)  (43,53,96)  
(43,56,359)  (43,57,482)  (43,64,306)  (43,65,256)  (43,66,271)  
(43,67,354)  
(44,20,487)  (44,21,100)  (44,26,260)  (44,31,357)  (44,36,287)  
(44,38,96)  (44,40,399)  (44,48,39)  (44,49,205)  (44,51,195)  
(44,53,449)  (44,56,328)  (44,58,76)  (44,59,124)  (44,61,155)  
(44,62,416)  (44,63,260)  
(45,22,388)  (45,24,438)  (45,26,485)  (45,31,247)  (45,36,144)  
(45,39,168)  (45,40,79)  (45,43,45)  (45,46,293)  (45,47,204)  
(45,48,184)  (45,50,44)  (45,51,234)  (45,56,268)  (45,57,359)  
(45,58,127)  (45,60,140)  (45,62,98)  (45,64,40)  (45,65,63)  
(45,66,141)  (45,69,240)  (45,70,459)  
(46,22,498)  (46,24,155)  (46,28,268)  (46,34,156)  (46,35,463)  
(46,37,120)  (46,41,220)  (46,44,75)  (46,47,369)  (46,48,128)  
(46,52,405)  (46,54,316)  (46,55,104)  (46,56,491)  (46,58,54)  
(46,65,307)  (46,69,344)  
(47,24,73)  (47,26,260)  (47,27,184)  (47,29,485)  (47,31,203)  
(47,34,485)  (47,36,429)  (47,39,40)  (47,40,67)  (47,43,400)  
(47,45,329)  (47,46,350)  (47,50,38)  (47,51,141)  (47,52,357)  
(47,53,448)  (47,56,308)  (47,58,356)  (47,60,214)  (47,61,383)  
(47,62,236)  (47,63,448)  (47,64,81)  (47,66,212)  (47,67,424)  
(48,23,372)  (48,24,271)  (48,27,451)  (48,30,15)  (48,32,312)  
(48,34,273)  (48,36,364)  (48,39,92)  (48,40,463)  (48,41,427)  
(48,43,327)  (48,47,176)  (48,49,454)  (48,50,353)  (48,57, 0)  
(48,58,495)  (48,59, 3)  (48,61,110)  (48,63,130)  (48,67,24)  
(48,69,201)  (48,70,303)  (48,72,100)  (48,73,159)  
(49,24,141)  (49,25,486)  (49,26,490)  (49,27,17)  (49,28,133)  
(49,30,165)  (49,33,135)  (49,36,369)  (49,50,328)  (49,55,363)  
(49,56,319)  (49,60,359)  (49,62,13)  (49,64,461)  (49,65,396)  
(49,69,60)  (49,72,465)  (49,74,396)  
(50,25,314)  (50,33,29)  (50,36,489)  (50,42,50)  (50,43,161)  
(50,45,432)  (50,49,93)  (50,51,156)  (50,53,474)  (50,56,93)  
(50,58,336)  (50,60,413)  (50,62,395)  (50,67,20)  
(51,27,409)  (51,28,491)  (51,31,323)  (51,32,94)  (51,33,82)  
(51,35,350)  (51,36,296)  (51,37,42)  (51,39,345)  (51,42,375)  
(51,49,16)  (51,56,251)  (51,60,239)  (51,62,337)  (51,63,429)  
(51,64,160)  (51,67,440)  (51,68,348)  (51,69,184)  (51,72,247)  
(51,73,316)  (51,74,482)  (51,76,296)  
(52,29,473)  (52,30,103)  (52,31,305)  (52,33,487)  (52,36,432)  
(52,37,355)  (52,38,53)  (52,41,343)  (52,42,244)  (52,44,173)  
(52,46,116)  (52,48,403)  (52,50,202)  (52,51,29)  (52,54,158)  
(52,55,171)  (52,56,152)  (52,57,213)  (52,58,392)  (52,60,29)  
(52,63,333)  (52,64,70)  (52,67,301)  (52,69,382)  (52,71,68)  
(52,75,96)  
(53,29,398)  (53,32,94)  (53,33,364)  (53,34,85)  (53,35,217)  
(53,36,311)  (53,37,207)  (53,38,261)  (53,41,185)  (53,42,17)  
(53,45,93)  (53,46,445)  (53,47,283)  (53,48,304)  (53,50,20)  
(53,51,258)  (53,52,161)  (53,54,271)  (53,61,424)  (53,62,354)  
(53,64,241)  (53,65,116)  (53,66,484)  (53,67,81)  (53,73,65)  
(53,74,100)  (53,75,417)  (53,77,249)  (53,78,385)  
(54,29,143)  (54,30,278)  (54,36,417)  (54,38,322)  (54,43,286)  
(54,47,161)  (54,48,492)  (54,57,388)  (54,59,359)  (54,60,373)  
(54,63,441)  (54,70,390)  (54,71,54)  (54,73,197)  (54,74,453)  
(54,76,328)  
(55,31,379)  (55,36,198)  (55,37,494)  (55,41,451)  (55,44,425)  
(55,47,37)  (55,49,76)  (55,50,95)  (55,58,18)  (55,60,242)  
(55,67,336)  (55,68,293)  (55,69,481)  (55,70,337)  (55,74,15)  
(55,75,434)  (55,76,363)  (55,77,194)  (55,78,76)  
(56,31,265)  (56,32,500)  (56,35,281)  (56,36,380)  (56,37,360)  
(56,38,292)  (56,39,195)  (56,40,53)  (56,41,314)  (56,42,311)  
(56,44,60)  (56,45,48)  (56,47,339)  (56,52,449)  (56,54,251)  
(56,55,442)  (56,59,441)  (56,60,201)  (56,61,477)  (56,63,388)  
(56,67,42)  (56,70,29)  (56,73,201)  (56,74,190)  (56,76,315)  
(56,79,52)  (56,80,354)  (56,81,129)  
(57,37,53)  (57,39,297)  (57,41,33)  (57,46,182)  (57,51,165)  
(57,59,162)  (57,61,441)  (57,62,245)  (57,63,327)  (57,65,474)  
(57,66,439)  (57,67,68)  (57,71,78)  (57,72,297)  (57,74,195)  
(57,75, 7)  
(58,33,248)  (58,37,58)  (58,39,128)  (58,40,139)  (58,41,132)  
(58,49,421)  (58,50,227)  (58,51,410)  (58,54,109)  (58,55,351)  
(58,57,488)  (58,61,409)  (58,64,422)  (58,67,429)  (58,70,316)  
(58,71,423)  (58,73,329)  (58,74,444)  (58,78,238)  (58,80,423)  
(58,83,344)  
(59,37,480)  (59,38,360)  (59,41,81)  (59,42,479)  (59,43,44)  
(59,48,223)  (59,50,114)  (59,51,103)  (59,56,135)  (59,58,458)  
(59,63,56)  (59,65,493)  (59,67,62)  (59,69,15)  (59,71,167)  
(59,72,379)  (59,74,316)  (59,77,403)  (59,83,439)  
(60,37,131)  (60,38,491)  (60,46,259)  (60,47,26)  (60,48,461)  
(60,50,89)  (60,52,40)  (60,58,401)  (60,61,62)  (60,62,437)  
(60,63,52)  (60,64,51)  (60,71,28)  (60,73,386)  (60,79,171)  
(60,81,345)  
(61,38,336)  (61,39,279)  (61,41,256)  (61,45,347)  (61,51,394)  
(61,52,66)  (61,55,215)  (61,60,103)  (61,62,79)  (61,63,348)  
(61,66,470)  (61,70,85)  (61,71,335)  (61,75,304)  (61,77,360)  
(61,79,15)  
(62,38,124)  (62,40,253)  (62,45,69)  (62,51,350)  (62,52,435)  
(62,53,486)  (62,54,115)  (62,56,117)  (62,59,366)  (62,63,488)  
(62,64,289)  (62,69,328)  (62,70,248)  (62,72,80)  (62,75,410)  
(62,76,133)  (62,83,348)  (62,85,203)  (62,87,447)  
(63,38, 3)  (63,44,459)  (63,45,335)  (63,48,82)  (63,53,316)  
(63,60,435)  (63,62,304)  (63,64,142)  (63,65,404)  (63,69, 7)  
(63,70,317)  (63,72,447)  (63,75,237)  (63,77,151)  (63,80,481)  
(63,82,434)  (63,83,30)  (63,86,378)  
(64,41,325)  (64,42,395)  (64,45,303)  (64,50,256)  (64,55,86)  
(64,56,422)  (64,57, 8)  (64,61,118)  (64,77,275)  (64,81,69)  
(65,41,296)  (65,43,489)  (65,44,20)  (65,48,217)  (65,50,413)  
(65,52,281)  (65,53,47)  (65,54,252)  (65,55,101)  (65,56,304)  
(65,60,386)  (65,61,249)  (65,63,200)  (65,66,72)  (65,67,196)  
(65,69,288)  (65,72,362)  (65,73,207)  (65,75,90)  (65,78,52)  
(65,79,353)  (65,80,426)  (65,82,358)  (65,85,29)  (65,88,25)  
(65,90,74)  
(66,41,70)  (66,43,216)  (66,46,102)  (66,47,284)  (66,52,243)  
(66,54,337)  (66,55,424)  (66,60,453)  (66,63,29)  (66,64,349)  
(66,65, 8)  (66,68,230)  (66,70,181)  (66,72,104)  (66,73,86)  
(66,74,318)  (66,75,114)  (66,76,466)  (66,77,444)  (66,79,57)  
(66,82,278)  (66,83,83)  
(67,42,78)  (67,46,202)  (67,48,166)  (67,50,451)  (67,51,187)  
(67,55,85)  (67,63,354)  (67,65,275)  (67,66,151)  (67,69,56)  
(67,73,427)  (67,74,43)  (67,77,152)  (67,79,397)  (67,82,68)  
(67,83,314)  (67,84,217)  (67,86,264)  (67,88,430)  (67,90,106)  
(68,43,295)  (68,46,334)  (68,48,38)  (68,50,207)  (68,52,33)  
(68,54,323)  (68,55,352)  (68,58,178)  (68,60,197)  (68,63,233)  
(68,71,78)  (68,74,206)  (68,79,101)  (68,80,257)  (68,86,68)  
(68,88,249)  (68,91,91)  (68,92,386)  
(69,44,282)  (69,45,80)  (69,46,127)  (69,49,151)  (69,50,344)  
(69,53,466)  (69,55,306)  (69,58,402)  (69,60,391)  (69,66,82)  
(69,67,494)  (69,70,251)  (69,71,443)  (69,72,350)  (69,76,403)  
(69,78,357)  (69,83,202)  (69,84,378)  (69,88,353)  (69,90,471)  
(69,91,395)  (69,93,500)  
(70,47,233)  (70,54,425)  (70,59,497)  (70,60,97)  (70,62,415)  
(70,64,273)  (70,65,479)  (70,67,398)  (70,69,452)  (70,73,152)  
(70,77,422)  (70,78,200)  (70,80,198)  (70,82,179)  (70,83,420)  
(70,87,176)  (70,89,37)  (70,91,132)  (70,93,81)  (70,94,362)  
(71,49,357)  (71,51,83)  (71,53,282)  (71,57,402)  (71,62,433)  
(71,63,244)  (71,64,119)  (71,73,460)  (71,74,325)  (71,77,167)  
(71,79,15)  (71,80,238)  (71,86,152)  (71,87,109)  (71,89,276)  
(71,90,371)  (71,91,173)  (71,96,239)  
(72,47,61)  (72,51,191)  (72,54,317)  (72,59,180)  (72,61,262)  
(72,66,22)  (72,68,400)  (72,69,149)  (72,70, 7)  (72,73,73)  
(72,79,15)  (72,86,489)  (72,90,307)  (72,91, 3)  (72,94,362)  
(72,95,354)  (72,96,212)  
(73,57,268)  (73,59,255)  (73,60,64)  (73,65,164)  (73,66,292)  
(73,69,314)  (73,70,356)  (73,72,118)  (73,74,214)  (73,75,464)  
(73,78,149)  (73,82,58)  (73,86,235)  (73,88,498)  (73,89,310)  
(73,94,462)  (73,98,309)  
(74,49,332)  (74,52,161)  (74,53,215)  (74,54,169)  (74,57,37)  
(74,61,71)  (74,65,248)  (74,66,325)  (74,71,455)  (74,75,212)  
(74,77,224)  (74,79,466)  (74,80,264)  (74,81,166)  (74,84,164)  
(74,85,151)  (74,90,24)  (74,91,27)  (74,94,437)  
(75,50,471)  (75,51,397)  (75,53,468)  (75,59,225)  (75,60, 6)  
(75,63,381)  (75,64,14)  (75,65,491)  (75,66,99)  (75,67,460)  
(75,69,328)  (75,70,316)  (75,71,347)  (75,73,415)  (75,76, 5)  
(75,77,237)  (75,78,264)  (75,85,128)  (75,86,173)  (75,90,485)  
(75,91,177)  (75,95,224)  (75,99,500)  
(76,52,163)  (76,53,277)  (76,58,293)  (76,59,378)  (76,61,422)  
(76,63,224)  (76,64,291)  (76,65,425)  (76,66,101)  (76,68,79)  
(76,71,291)  (76,74,63)  (76,77,72)  (76,78,66)  (76,83,234)  
(76,86,482)  (76,87,202)  (76,89,497)  (76,96,343)  
(77,56,128)  (77,57,150)  (77,60,190)  (77,62,370)  (77,63,193)  
(77,66,116)  (77,69,325)  (77,70,485)  (77,73,498)  (77,84,315)  
(77,87,363)  (77,88,393)  (77,89,261)  (77,90,106)  (77,91,16)  
(77,92,232)  (77,93,219)  (77,98,51)  (77,100,266)  
(78,54,214)  (78,62,216)  (78,67,383)  (78,72,411)  (78,73,401)  
(78,76,442)  (78,79,484)  (78,80,22)  (78,82,116)  (78,87,95)  
(78,89,443)  (78,95,241)  (78,96,470)  
(79,57,235)  (79,64,426)  (79,65,85)  (79,68,481)  (79,69,334)  
(79,71,94)  (79,72,239)  (79,73,70)  (79,75,265)  (79,76,218)  
(79,78,415)  (79,80,294)  (79,81,177)  (79,87,436)  (79,93,74)  
(79,94,127)  (79,98,301)  (79,100,39)  
(80,56, 7)  (80,61,194)  (80,63, 3)  (80,64,129)  (80,73,121)  
(80,74,119)  (80,75,150)  (80,77,177)  (80,78,74)  (80,79,178)  
(80,83,70)  (80,84,261)  (80,86,384)  (80,88,267)  (80,91,498)  
(80,93,424)  (80,95,256)  (80,96,16)  (80,97,146)  (80,100,302)  
(81,58,140)  (81,63,489)  (81,64,437)  (81,66,14)  (81,67,164)  
(81,68,431)  (81,69,161)  (81,72,471)  (81,74,134)  (81,82,451)  
(81,85,479)  (81,86,327)  (81,88,388)  (81,91,331)  (81,92,258)  
(81,93,76)  (81,95,21)  (81,97,130)  
(82,57,491)  (82,58,46)  (82,61,327)  (82,63,289)  (82,65,423)  
(82,66,430)  (82,67,119)  (82,68,113)  (82,69,65)  (82,73,460)  
(82,76,185)  (82,78,42)  (82,79,217)  (82,80,486)  (82,81,112)  
(82,83,102)  (82,86,41)  (82,90,122)  (82,94,304)  (82,96,410)  
(82,98,342)  (82,99,92)  
(83,58,164)  (83,59,259)  (83,61,423)  (83,62,265)  (83,63,154)  
(83,66,447)  (83,68,77)  (83,69,201)  (83,73,407)  (83,74,114)  
(83,82,371)  (83,84,283)  (83,90,192)  (83,91,56)  (83,98,451)  
(83,100,195)  
(84,61,312)  (84,62,402)  (84,66,223)  (84,70,50)  (84,71,442)  
(84,72,475)  (84,75,201)  (84,76,385)  (84,77,297)  (84,80,163)  
(84,82,284)  (84,83,208)  (84,85,239)  (84,88,431)  (84,90,441)  
(84,92,492)  (84,93,290)  (84,94,423)  (84,95,111)  (84,96,281)  
(85,60,169)  (85,66,434)  (85,67,494)  (85,75,302)  (85,77,493)  
(85,84,325)  (85,87,48)  (85,90,338)  (85,94,111)  (85,95,120)  
(85,97,471)  
(86,62,139)  (86,63,20)  (86,66,29)  (86,67,29)  (86,69,438)  
(86,71,245)  (86,72,440)  (86,73,328)  (86,74,378)  (86,75,124)  
(86,78,200)  (86,80,194)  (86,81,414)  (86,82,44)  (86,83,436)  
(86,84,419)  (86,85,195)  (86,90,471)  (86,91,73)  (86,92,376)  
(86,94,407)  (86,95,477)  (86,96,374)  (86,97,76)  (86,98,25)  
(87,63,80)  (87,67,396)  (87,74,92)  (87,75, 2)  (87,77,386)  
(87,80,348)  (87,90,392)  (87,93,291)  (87,94,460)  (87,99,248)  
(88,63,471)  (88,65,85)  (88,68,388)  (88,69,397)  (88,73,74)  
(88,77,448)  (88,79,464)  (88,81,155)  (88,86,314)  (88,91,162)  
(88,95,233)  (88,99,413)  (88,100,265)  
(89,64,260)  (89,68,396)  (89,69,49)  (89,71,101)  (89,72,331)  
(89,74, 3)  (89,77,468)  (89,79,375)  (89,80,237)  (89,83,142)  
(89,87,63)  (89,90,178)  (89,91,12)  (89,95,272)  (89,96,210)  
(89,98,30)  
(90,68,260)  (90,69,324)  (90,70,172)  (90,71,98)  (90,72,306)  
(90,73,373)  (90,74,242)  (90,79,202)  (90,81,160)  (90,82,400)  
(90,83,190)  (90,86,132)  (90,88,420)  (90,89,484)  (90,97,425)  
(90,100,439)  
(91,71,293)  (91,72,443)  (91,75,254)  (91,81,450)  (91,84,421)  
(91,85,236)  (91,88,69)  (91,89,134)  (91,90,15)  (91,92,394)  
(92,67,42)  (92,69,402)  (92,71, 6)  (92,74,406)  (92,75,154)  
(92,78,245)  (92,82,83)  (92,83,337)  (92,84,372)  (92,87,471)  
(92,88,379)  (92,89,250)  (92,91,254)  (92,93,116)  (92,94,436)  
(92,98,447)  (92,100,292)  
(93,70,157)  (93,71,430)  (93,73,10)  (93,74,153)  (93,75,420)  
(93,81,373)  (93,82,493)  (93,88,145)  (93,89,129)  (93,90,131)  
(94,70,245)  (94,71,397)  (94,72,249)  (94,73,180)  (94,80,424)  
(94,83,228)  (94,86,395)  (94,87,274)  (94,89,78)  (94,90,30)  
(94,95,22)  (94,98,123)  (94,99,161)  
(95,72,291)  (95,76,232)  (95,79,473)  (95,86,417)  (95,88,36)  
(95,93,377)  (95,94,427)  (95,100,67)  
(96,75,361)  (96,82,25)  (96,85,357)  (96,87,407)  (96,89,126)  
(96,94,304)  (96,95,311)  
(97,78,122)  (97,79,164)  (97,81,240)  (97,82,382)  (97,83,407)  
(97,84,214)  (97,85,121)  (97,86,298)  (97,87,209)  (97,88,366)  
(97,89,319)  (97,92,454)  (97,93,65)  (97,98,376)  
(98,73,164)  (98,75,405)  (98,76, 5)  (98,81,275)  (98,83,254)  
(98,85,188)  (98,87,139)  (98,89,263)  (98,92,37)  (98,93,500)  
(98,96,283)  (98,100,483)  
(99,81,487)  (99,90,362)  (99,92,470)  (99,93,296)  (99,95,348)  
(99,96,11)  (99,98,428)  
(100,75,479)  (100,77,170)  (100,81,366)  (100,83,212)  (100,91,111)  
(100,93,429)  (100,96,224)  (100,97,19)  

